1,4,14.0100
2,3,8.0000
3,1416,12.5914
4,390,13.4781
5,334,13.1560
6,235,12.4827
7,584,12.8066
8,1297,12.4653
9,497,12.8833
10,1054,12.2821
11,2141,12.6717
12,1516,12.5772
13,1173,12.5631
14,4389,12.4365
15,69,11.4062
16,1467,12.8284
17,921,12.0760
18,358,12.4693
19,448,12.5577
20,1522,13.0598
21,2523,13.0790
22,1226,12.9559
23,1328,12.8371
24,481,13.0501
25,559,12.9556
26,198,12.6345
27,234,12.9441
28,115,13.5084
29,36,13.5325
30,204,12.6564
31,994,12.5624
32,22,11.8223
33,140,12.2693
34,49,11.9847
35,79,13.6872
36,30,12.2087
37,50,11.4802
38,16,11.1675
39,18,11.1450
40,23,13.3852
41,16,12.4475
42,60,13.1472
43,194,12.7083
44,78,12.5523
45,94,13.4343
46,83,12.5284
47,751,12.9060
48,220,13.2573
49,196,13.0174
50,114,12.8005
51,17,12.6353
52,2534,13.1479
53,801,13.6040
54,549,12.5682
55,991,12.9796
56,2828,12.8279
57,1114,13.3937
58,849,13.1913
59,1286,13.0524
60,1533,12.6969
61,545,12.6861
62,7143,12.9595
63,1056,13.8529
64,612,13.5164
65,1194,13.0146
66,1652,12.7676
67,529,13.3871
68,2136,13.0885
69,2090,12.9961
70,1436,12.8642
71,697,12.6829
72,4377,13.2785
73,370,13.4598
74,846,13.3104
75,764,13.4566
76,104,13.6357
77,1030,12.9269
78,770,13.2361
79,1376,13.1266
80,3570,13.0450
81,308,13.3382
82,23,14.0209
83,12,12.7758
84,7,14.4557
85,2,15.5000
86,15,10.8173
87,16,11.2912
88,2,16.1250
89,7,11.6429
90,7348,12.7265
91,375,12.4594
92,88,12.2253
93,2089,13.4521
94,5732,14.2034
95,2287,12.9149
96,389,12.7502
97,1088,13.2028
98,364,13.4594
99,1935,12.9744
100,794,13.4407
101,1385,12.5688
102,8894,13.3650
103,4633,13.3467
104,3326,14.0548
105,2352,13.1077
106,391,13.9579
107,5885,13.0702
108,242,13.1848
109,891,13.1169
110,1208,13.3088
111,856,13.2317
112,446,13.0837
113,548,13.4040
114,456,13.0633
115,1442,13.4081
116,215,13.4523
117,311,12.8668
118,737,13.1528
119,514,12.9126
120,1422,12.8806
121,548,13.2502
122,647,13.2151
123,352,13.3695
124,597,13.4923
125,155,13.2879
126,664,13.6934
127,330,12.9526
128,314,12.8810
129,148,13.5136
130,1424,13.0766
131,720,13.1458
132,1769,13.2477
133,191,13.5094
134,952,13.1599
135,1014,13.1204
136,1391,12.9998
137,441,13.5163
138,651,13.2476
139,112,12.9325
140,1247,13.2448
141,1067,13.3399
142,2148,13.0331
143,503,13.3113
144,303,13.5739
145,167,13.3275
146,795,13.1817
147,198,13.6334
148,196,13.2947
149,278,13.5521
150,527,13.0478
151,429,13.0754
152,189,13.2122
153,272,13.5365
154,205,13.0872
155,347,12.8552
156,401,13.1814
157,117,13.3742
158,339,12.7723
159,100,13.3146
160,1316,13.3134
161,386,13.5999
162,434,13.5819
163,844,13.3447
164,386,13.5027
165,592,13.3581
166,353,13.1022
167,301,13.4431
168,398,13.6783
169,265,13.4759
170,1639,13.2392
171,391,13.5966
172,346,13.7183
173,613,13.3163
174,539,13.4503
175,314,13.6237
176,436,13.2826
177,307,13.5438
178,139,13.6007
179,948,12.7392
180,2855,13.1907
181,2955,13.4755
182,1093,12.9229
183,1511,13.0790
184,550,13.4186
185,505,13.7326
186,979,13.5748
187,547,12.9573
188,881,13.4794
189,2366,12.7056
190,3875,12.9170
191,3,10.9367
192,2,14.1400
193,1,18.5500
194,1463,13.7793
195,3819,13.7642
196,2334,12.8836
197,1092,13.0508
198,2587,13.1681
199,1833,13.2190
200,3514,13.3737
201,319,13.1897
202,204,13.3747
203,486,13.4825
204,1775,12.9258
205,450,13.3218
206,325,13.0419
207,1636,12.8443
208,1741,13.2555
209,989,12.0777
210,1481,12.7864
211,798,13.4802
212,835,13.2737
213,689,13.1205
214,287,13.5724
215,361,12.7090
216,686,12.9035
217,735,13.4830
218,1166,13.3209
219,1461,13.5281
220,719,13.6849
221,1671,13.7008
222,489,13.3722
223,977,13.6710
224,199,14.0435
225,985,13.8729
226,166,13.6760
227,888,13.0553
228,487,13.5732
229,310,12.9968
230,285,13.7421
231,328,13.2364
232,867,13.3216
233,137,13.6434
234,135,12.7030
235,50,14.1070
236,107,14.0708
237,106,13.1973
238,149,12.7123
239,88,12.9641
240,294,12.9138
241,794,13.3457
242,277,13.1078
243,64,12.8502
244,149,13.5245
245,186,13.0181
246,78,14.1382
247,353,13.3371
248,289,13.3435
249,175,13.8219
250,219,13.6786
251,100,13.4219
252,436,13.0622
253,54,14.0289
254,101,14.2985
255,53,13.0672
256,1,13.9900
257,553,13.7561
258,591,13.5585
259,1305,13.5315
260,899,13.6305
261,781,12.9384
262,3364,13.2169
263,1626,13.0521
264,714,13.0272
265,958,13.4225
266,347,14.1454
267,1851,13.2868
268,1435,13.1291
269,2769,13.1560
270,1943,14.2051
271,1064,13.2790
272,1023,13.7235
273,1219,13.3400
274,1009,13.1189
275,300,13.1615
276,55,13.7798
277,1020,13.4147
278,597,13.8191
279,837,13.4810
280,736,13.7625
281,1928,13.2503
282,1243,13.4811
283,2127,13.4074
284,902,13.2576
285,445,13.5766
286,465,13.1850
287,7820,13.0516
288,4024,13.0680
289,2782,13.5938
290,3136,12.6279
291,395,13.3721
292,1738,12.9752
293,987,13.2127
294,776,13.3652
295,620,13.8456
296,428,13.6328
297,1197,13.5417
298,17,14.8176
299,311,13.4428
300,677,14.2077
301,564,13.3547
302,620,13.6757
303,386,13.8112
304,670,13.3045
305,228,13.2287
306,506,14.2239
307,1568,13.4177
308,1243,12.9181
309,2530,13.3327
310,955,13.2738
311,735,13.4435
312,1782,13.4841
313,835,12.9586
314,3096,13.1140
315,3034,13.2955
316,1770,13.0834
317,6021,13.3969
318,7139,13.3011
319,43,13.9128
320,3292,12.9960
321,4573,12.9793
322,2521,13.2803
323,2206,13.0560
324,2326,12.8990
325,1707,13.3835
326,1983,13.2540
327,2,13.3850
328,823,12.9067
329,1981,12.9321
330,1,18.8400
331,970,13.4071
332,1982,13.0805
333,2144,13.5206
334,1,14.4800
335,1384,13.3839
336,1177,13.7149
337,859,13.6351
338,1194,13.5603
339,2,15.3550
340,478,13.4077
341,255,13.7551
342,602,13.6954
343,697,13.9405
344,462,13.6702
345,417,13.7042
346,680,14.0815
347,488,13.9904
348,362,13.7450
349,572,13.9151
350,155,13.5435
351,849,13.6687
352,588,13.4714
353,157,13.9089
354,691,13.5116
355,31,13.2655
356,2185,13.6587
357,1438,13.5701
358,974,13.2723
359,907,13.7914
360,413,13.2811
361,1,9.9900
362,600,13.5003
363,529,13.8567
364,889,13.6561
365,833,13.3675
366,1090,13.5713
367,1346,13.3862
368,159,12.7666
369,424,13.3411
370,250,13.5207
371,340,13.0824
372,690,13.0380
373,86,12.3366
374,290,14.0620
375,106,13.8918
376,371,13.3409
377,332,13.2887
378,287,13.6489
379,184,13.6478
380,416,13.5309
381,594,13.5308
382,134,13.3175
383,179,13.0599
384,166,13.4410
385,1,10.9900
386,556,13.3043
387,293,13.8105
388,1682,13.2305
389,598,13.1957
390,285,13.0845
391,774,12.7708
392,119,13.7308
393,124,13.8160
394,43,12.5421
395,69,13.5868
396,1483,13.3653
397,193,13.3053
398,68,14.1544
399,47,13.3738
400,20,14.6895
401,76,14.1482
402,63,13.6922
403,50,12.9448
404,42,13.6255
405,290,13.3230
406,370,13.1794
407,181,14.1112
408,257,13.4180
409,198,12.8859
410,110,13.7674
411,49,13.3912
412,262,13.0374
413,1,6.4900
414,2739,12.9504
415,1365,13.4320
416,2206,13.0299
417,447,13.8021
418,406,13.6609
419,756,13.3437
420,701,13.4227
421,414,13.7845
422,135,13.3330
423,364,13.6168
424,2217,13.1413
425,2921,13.1313
426,1593,13.1877
427,581,13.1672
428,748,13.5263
429,350,13.1963
430,988,13.6582
431,450,13.1076
432,727,13.6451
433,257,13.5951
434,1644,13.1655
435,833,13.3549
436,2000,13.0856
437,1011,13.8194
438,966,13.4335
439,192,13.6541
440,625,13.7973
441,270,13.0560
442,745,13.3740
443,1392,12.9318
444,1396,13.4810
445,2108,13.4506
446,1745,13.5475
447,245,13.8836
448,897,13.4961
449,274,13.5269
450,572,13.6793
451,597,13.2984
452,502,13.7422
453,238,13.1143
454,549,12.9502
455,339,14.0098
456,473,13.2773
457,412,13.2372
458,246,13.7102
459,242,13.7631
460,255,13.2766
461,304,13.2316
462,577,13.3785
463,3547,13.2591
464,4491,13.2817
465,1410,13.9175
466,2873,12.9801
467,958,13.1331
468,241,13.7495
469,662,12.9662
470,360,13.2944
471,1321,13.0068
472,389,13.1310
473,1292,13.3818
474,221,13.1544
475,736,13.3731
476,574,13.0678
477,954,13.3587
478,839,13.1081
479,496,13.2469
480,384,13.3713
481,295,12.9445
482,136,13.2606
483,3,10.4500
484,2,10.6100
485,2,15.1300
486,1,12.5900
487,2,15.0750
488,2,13.0100
489,1,11.9900
490,2,6.5050
491,1,15.6100
492,1,18.2400
493,1,8.1800
494,2,11.7150
495,2,6.5750
496,1,14.4900
497,8,9.1488
498,2,8.0650
499,1418,12.5442
500,1640,12.7434
501,1623,12.8350
502,235,13.4133
503,1165,13.0853
504,533,12.5058
505,81,13.3093
506,391,13.2750
507,385,12.8289
508,400,12.7510
509,172,12.7774
510,320,13.3455
511,634,13.1482
512,162,12.7243
513,409,13.6511
514,430,13.9488
515,343,12.8814
516,853,12.7822
517,1995,13.2504
518,2305,12.8903
519,3379,13.1047
520,3390,12.9009
521,3,12.6700
522,43,14.5598
523,411,13.4413
524,287,12.8985
525,808,13.4721
526,644,13.5133
527,193,13.2517
528,304,13.1027
529,632,13.2455
530,273,13.1060
531,377,13.1788
532,190,13.1888
533,182,13.5252
534,1,18.2500
535,1,13.5300
536,389,13.1364
537,442,13.2629
538,135,13.5647
539,133,13.5018
540,126,13.6042
541,98,13.6446
542,22,12.5195
543,396,13.4921
544,55,12.8951
545,81,12.9681
546,49,12.6494
547,23,14.2387
548,23,12.2657
549,78,12.6742
550,37,12.7405
551,73,13.2668
552,39,12.4272
553,160,13.1811
554,380,12.9453
555,110,14.1437
556,94,13.0817
557,294,13.6862
558,65,13.7797
559,227,12.3164
560,435,12.8121
561,387,12.8899
562,303,12.7965
563,4387,12.8858
564,4446,12.9045
565,208,12.9611
566,237,11.8591
567,4381,13.3492
568,3178,13.0174
569,8370,12.8373
570,358,13.2018
571,316,13.8447
572,389,13.5707
573,688,13.0125
574,474,13.2652
575,454,13.2882
576,306,13.3405
577,259,13.7600
578,400,13.3898
579,353,13.3863
580,495,13.1105
581,569,12.8363
582,185,13.1181
583,645,13.4247
584,1,13.6700
585,1095,13.2516
586,157,13.1336
587,189,12.9850
588,331,13.3016
589,387,13.1564
590,358,13.6254
591,353,13.5702
592,374,13.1442
593,1725,13.2835
594,1992,12.9448
595,1432,13.3132
596,128,13.4754
597,86,13.2864
598,187,13.3496
599,247,13.0135
600,163,13.9883
601,104,14.6889
602,1880,12.9867
603,1638,12.9844
604,1,15.8000
605,188,13.3566
606,214,13.6534
607,106,12.6342
608,211,13.4886
609,452,13.7889
610,1,7.8900
611,289,12.9706
612,149,13.2285
613,501,12.9281
614,194,13.2601
615,155,13.5860
616,231,14.0019
617,364,13.0680
618,578,13.6282
619,532,13.0374
620,1596,13.1534
621,355,13.5318
622,1402,12.7914
623,2,13.2050
624,214,13.5554
625,331,13.1668
626,473,12.8650
627,307,13.3898
628,114,13.7064
629,45,12.8078
630,445,13.3827
631,271,13.3507
632,982,13.3988
633,111,13.6043
634,310,13.3617
635,232,13.9228
636,114,13.5635
637,73,13.2284
638,248,13.6409
639,69,13.8164
640,143,12.6353
641,402,12.5520
642,38,12.7413
643,33,14.0000
644,184,13.3709
645,33,11.5512
646,49,13.8827
647,89,13.3988
648,45,12.7787
649,18,11.9144
650,45,13.6507
651,2,22.0900
652,41,13.4110
653,1,19.1900
654,1483,13.6104
655,1075,13.0299
656,1,9.9900
657,685,13.5028
658,1087,12.9931
659,1383,13.1833
660,530,13.8019
661,1058,13.2787
662,845,13.0840
663,1,7.8900
664,313,13.6144
665,618,13.1813
666,531,13.2452
667,277,13.1479
668,296,13.9494
669,292,13.6211
670,207,12.9173
671,189,13.6832
672,303,13.0814
673,1005,13.5172
674,778,13.5250
675,561,13.4524
676,328,13.6233
677,421,13.5429
678,176,13.2093
679,244,13.0289
680,1198,13.2944
681,218,13.2149
682,456,13.6711
683,1523,13.2509
684,1381,13.3939
685,149,13.1144
686,434,13.5952
687,79,13.6692
688,166,13.5419
689,61,13.7885
690,57,14.6596
691,1574,13.3769
692,979,13.4392
693,1,6.2400
694,210,13.2953
695,351,13.7958
696,126,13.6529
697,100,12.8995
698,104,12.8837
699,302,13.4665
700,162,13.9043
701,9111,12.9702
702,2283,13.4019
703,3250,12.6803
704,34,13.7674
705,825,12.9972
706,225,13.4090
707,605,12.7317
708,700,13.0150
709,170,13.2738
710,415,13.4834
711,3982,13.0267
712,2770,13.0316
713,1870,12.9084
714,368,13.1376
715,237,13.3216
716,1483,13.8025
717,349,13.1476
718,272,13.3867
719,129,12.9013
720,265,13.6235
721,6657,13.0596
722,2,14.4200
723,64,12.9658
724,3958,13.0702
725,3799,12.9656
726,3000,13.1524
727,396,13.1019
728,206,13.4917
729,559,12.9963
730,256,13.7789
731,986,13.6122
732,943,13.3457
733,3440,13.5150
734,365,13.4975
735,601,13.3519
736,1842,13.4187
737,3102,12.9258
738,3163,12.4680
739,289,13.2108
740,168,13.3857
741,418,13.2933
742,571,13.2939
743,73,13.3141
744,275,13.3471
745,671,13.0311
746,219,13.4155
747,294,13.0845
748,967,13.5802
749,105,13.6010
750,1992,13.8701
751,3339,13.1191
752,2684,12.8324
753,4011,12.8982
754,304,12.0903
755,670,12.5248
756,1700,12.7303
757,891,13.3685
758,178,13.7052
759,381,13.7535
760,1666,13.6087
761,546,13.6898
762,190,12.4905
763,200,13.1378
764,226,12.4954
765,212,12.9767
766,439,13.1380
767,554,12.7461
768,1,16.5500
769,1,10.6400
770,443,13.2047
771,3,13.4533
772,65,13.3431
773,57,13.9942
774,154,12.1091
775,121,13.5011
776,343,13.6329
777,244,13.7376
778,110,12.8464
779,291,13.6907
780,66,12.1823
781,75,13.1605
782,3,9.4567
783,4,12.8800
784,5,11.6380
785,1,17.8600
786,8,14.0812
787,4,11.8400
788,5,10.0100
789,3048,13.2198
790,1417,13.3641
791,296,13.4598
792,380,13.7397
793,81,13.4417
794,409,13.1405
795,411,13.3666
796,1,16.9900
797,3787,12.9869
798,1270,13.3388
799,5257,12.9060
800,4099,13.3204
801,2,12.4000
802,234,12.9912
803,1021,13.1696
804,2228,13.0779
805,154,12.6097
806,423,12.3210
807,4,11.7100
808,1,19.5200
809,576,13.1240
810,587,13.0784
811,69,13.5752
812,345,13.0888
813,1905,13.2487
814,80,14.0466
815,303,13.3408
816,553,12.7597
817,94,12.8572
818,29,12.1700
819,26,13.8104
820,578,13.4177
821,181,13.7712
822,436,13.3410
823,189,13.9589
824,30,13.6897
825,1,17.5700
826,1,13.9800
827,2917,13.4296
828,6193,13.5237
829,1,13.9900
830,51,14.5633
831,1128,13.4147
832,1098,12.7940
833,223,12.6437
834,342,13.4237
835,7022,12.9777
836,1,14.6400
837,3598,12.9492
838,404,13.9099
839,457,12.0232
840,689,12.9813
841,2407,13.3995
842,2307,13.4958
843,1749,13.1148
844,1,14.9900
845,995,12.8513
846,562,13.2599
847,755,13.4792
848,4989,13.0692
849,979,13.4521
850,485,12.8893
851,915,13.2390
852,6140,13.3739
853,299,13.3831
854,2250,13.6159
855,4145,12.9821
856,5463,12.8684
857,2300,13.1286
858,3552,13.5566
859,446,13.3929
860,4752,13.5503
861,5227,12.9258
862,1179,13.3382
863,4042,13.2970
864,2,20.0550
865,2267,13.1230
866,587,12.3988
867,1488,13.3808
868,1458,13.4458
869,1292,12.8691
870,1688,13.6564
871,1185,13.1657
872,1183,13.5134
873,1,20.9900
874,1056,13.1745
875,3194,12.9178
876,4074,12.0746
877,4,9.8300
878,238,12.9418
879,532,12.6581
880,9466,13.0959
881,1580,12.4975
882,337,11.3581
883,533,13.2078
884,1324,12.3728
885,2652,12.9499
886,3665,12.9708
887,1234,13.4801
888,3127,13.4106
889,1404,12.9536
890,323,12.6323
891,4191,13.1106
892,1568,13.2256
893,3032,13.4642
894,1304,13.1374
895,693,13.1814
896,368,12.6693
897,17,11.3129
898,26,11.5565
899,3,11.7700
900,2981,14.0228
901,1384,13.4748
902,5,11.8280
903,2381,13.2102
904,976,13.1149
905,2589,12.7236
906,1546,13.2300
907,1302,13.3108
908,669,13.2481
909,172,13.3266
910,563,12.9529
911,333,13.8071
912,36,13.5972
913,4145,13.1823
914,2707,12.9104
915,2436,13.3788
916,2138,13.8288
917,1093,13.6753
918,1211,13.7142
919,1718,13.3772
920,500,13.2094
921,639,13.2162
922,354,13.5247
923,238,13.2287
924,809,13.4689
925,792,13.3132
926,35,13.3857
927,1023,13.4474
928,467,13.6865
929,389,13.9005
930,165,13.1086
931,70,14.4861
