1,1,82.0000
2,1,71.0000
3,1,34.0000
4,1,10.0000
5,1,81.0000
6,1,21.0000
7,1,28.0000
8,1,37.0000
9,2,27.5000
10,1,9.0000
11,2,64.0000
12,1,59.0000
13,1,62.0000
14,2,42.5000
15,2,43.5000
16,2,18.0000
17,1,63.0000
18,2,85.0000
19,1,22.0000
20,1,47.0000
21,1,54.0000
22,1,74.0000
23,1,63.0000
24,2,26.0000
25,1,64.0000
26,2,94.0000
27,1,50.0000
28,1,6.0000
29,1,7.0000
30,2,51.5000
31,1,28.0000
32,1,43.0000
33,2,51.0000
34,1,48.0000
35,2,12.5000
36,1,58.0000
37,1,69.0000
38,3,65.6667
39,1,39.0000
40,4,42.0000
41,2,19.5000
42,1,39.0000
43,2,92.0000
44,1,87.0000
45,1,23.0000
46,3,42.6667
47,1,39.0000
48,2,36.5000
49,3,38.6667
50,2,42.5000
51,2,26.0000
52,1,39.0000
53,3,74.0000
54,5,57.2000
55,2,44.5000
56,2,40.0000
57,3,50.6667
58,1,30.0000
59,2,66.0000
60,4,41.2500
61,6,40.3333
62,1,2.0000
63,1,25.0000
64,1,82.0000
65,2,46.0000
66,2,62.5000
67,1,22.0000
68,2,35.5000
69,2,70.0000
70,4,65.7500
71,5,86.8000
72,2,37.5000
73,1,38.0000
74,2,51.5000
75,3,47.0000
76,3,70.0000
77,2,39.5000
78,1,31.0000
79,2,34.5000
80,4,44.7500
81,3,31.0000
82,5,58.2000
83,4,50.2500
84,1,19.0000
85,2,67.0000
86,3,66.6667
87,2,78.5000
88,1,55.0000
89,3,27.0000
90,2,4.0000
91,2,57.0000
92,6,58.3333
93,4,67.0000
94,3,42.6667
95,3,23.0000
96,2,43.5000
97,3,67.3333
98,1,61.0000
99,1,96.0000
100,3,34.0000
101,2,41.0000
102,2,41.5000
103,2,41.0000
104,6,51.3333
105,4,64.0000
106,1,34.0000
107,2,63.0000
108,3,53.3333
109,4,55.2500
110,3,50.3333
111,3,52.6667
112,2,62.5000
113,1,60.0000
114,6,55.1667
115,2,48.5000
116,2,32.0000
117,3,66.0000
118,3,38.0000
119,6,37.6667
120,4,47.0000
121,2,19.5000
122,4,68.7500
123,4,33.7500
124,4,71.5000
125,3,81.0000
126,3,29.0000
127,3,61.6667
128,3,51.0000
129,1,35.0000
130,6,52.5000
131,2,78.5000
132,4,68.0000
133,7,32.0000
134,1,69.0000
135,2,79.5000
136,3,62.3333
137,5,70.6000
138,4,48.5000
139,4,60.5000
140,5,54.2000
141,3,70.6667
142,4,25.0000
143,3,78.0000
144,2,53.0000
145,6,49.0000
146,6,26.6667
147,3,35.0000
148,3,31.3333
149,3,61.0000
150,2,86.0000
151,3,31.6667
152,6,45.8333
153,2,85.0000
154,4,54.7500
155,2,50.5000
156,4,61.5000
157,3,39.0000
158,5,65.4000
159,5,49.2000
160,2,57.5000
161,5,54.2000
162,5,43.0000
163,2,29.0000
164,8,52.2500
165,3,42.3333
166,3,45.6667
167,6,44.0000
168,1,15.0000
169,6,58.0000
170,4,19.7500
171,2,65.0000
172,4,69.0000
173,3,20.3333
174,7,49.7143
175,5,39.2000
176,4,48.5000
177,4,63.0000
178,4,62.0000
179,4,53.7500
180,2,77.0000
181,6,39.0000
182,5,38.6000
183,4,58.5000
184,6,51.1667
185,4,61.5000
186,3,52.3333
187,5,66.0000
188,4,58.2500
189,6,41.5000
190,4,57.0000
191,3,85.6667
192,3,31.6667
193,4,36.7500
194,5,47.0000
195,5,53.0000
196,5,54.8000
197,1,85.0000
198,5,47.8000
199,3,41.0000
200,4,63.2500
201,3,28.0000
202,5,54.2000
203,4,57.0000
204,4,33.2500
205,5,63.0000
206,3,46.0000
207,8,55.6250
208,4,64.5000
209,4,29.5000
210,4,49.0000
211,6,50.3333
212,2,93.5000
213,2,68.5000
214,6,48.6667
215,2,65.0000
216,4,71.2500
217,3,42.0000
218,6,41.5000
219,4,47.2500
220,5,51.8000
221,2,94.0000
222,10,33.2000
223,3,49.3333
224,4,33.0000
225,5,38.6000
226,4,61.0000
227,4,22.7500
228,3,60.6667
229,6,29.3333
230,5,41.6000
231,7,37.8571
232,7,31.8571
233,7,55.7143
234,3,62.0000
235,3,47.3333
236,9,37.0000
237,4,70.5000
238,3,61.0000
239,8,54.3750
240,5,47.8000
241,4,54.2500
242,1,53.0000
243,7,46.2857
244,6,38.8333
245,7,61.7143
246,4,33.7500
247,6,52.0000
248,4,55.0000
249,8,46.3750
250,2,29.5000
251,4,37.7500
252,7,45.2857
253,12,55.2500
254,8,48.2500
255,7,53.5714
256,4,54.0000
257,3,33.6667
258,8,65.6250
259,7,44.1429
260,7,48.1429
261,4,47.5000
262,5,86.2000
263,4,89.2500
264,6,57.6667
265,6,37.1667
266,6,37.8333
267,8,63.3750
268,7,40.2857
269,3,47.3333
270,10,42.2000
271,8,49.8750
272,3,48.6667
273,5,55.4000
274,7,43.2857
275,9,64.0000
276,5,68.0000
277,7,63.5714
278,9,47.7778
279,5,53.4000
280,10,57.5000
281,6,35.8333
282,9,62.8889
283,5,72.4000
284,9,54.7778
285,5,42.6000
286,8,50.2500
287,5,29.8000
288,7,35.2857
289,6,59.8333
290,8,48.2500
291,7,46.5714
292,4,44.5000
293,11,46.3636
294,7,37.4286
295,3,69.6667
296,7,46.2857
297,4,50.5000
298,5,58.0000
299,8,58.5000
300,5,44.8000
301,6,44.3333
302,6,38.1667
303,2,45.0000
304,3,48.6667
305,9,57.6667
306,3,48.0000
307,4,46.5000
308,6,60.0000
309,5,28.0000
310,5,77.8000
311,8,51.6250
312,10,53.8000
313,4,34.7500
314,7,53.2857
315,9,51.4444
316,8,46.3750
317,11,48.3636
318,4,47.2500
319,4,63.2500
320,3,74.0000
321,3,38.6667
322,11,54.5455
323,4,24.5000
324,11,53.9091
325,6,41.5000
326,9,44.0000
327,10,40.3000
328,9,77.0000
329,6,56.6667
330,11,33.6364
331,5,51.8000
332,4,40.0000
333,6,49.1667
334,7,39.2857
335,9,51.7778
336,9,60.6667
337,11,50.5455
338,12,48.1667
339,8,44.7500
340,8,58.7500
341,5,45.6000
342,7,51.4286
343,2,22.0000
344,8,42.6250
345,3,75.3333
346,7,39.5714
347,6,59.8333
348,9,62.1111
349,8,61.0000
350,4,49.2500
351,7,65.2857
352,8,46.6250
353,13,57.4615
354,9,63.3333
355,7,53.5714
356,9,49.4444
357,11,61.5455
358,9,54.5556
359,7,63.1429
360,8,61.1250
361,7,41.7143
362,4,34.0000
363,10,53.5000
364,6,63.6667
365,4,52.0000
366,14,54.0714
367,6,37.1667
368,10,30.2000
369,3,75.3333
370,4,55.7500
371,10,46.1000
372,8,59.5000
373,9,33.0000
374,6,46.3333
375,13,49.9231
376,5,42.4000
377,8,67.2500
378,3,26.3333
379,8,41.7500
380,4,56.0000
381,6,54.6667
382,5,43.0000
383,4,33.0000
384,10,53.7000
385,7,55.1429
386,8,43.5000
387,7,49.4286
388,11,53.4545
389,8,59.6250
390,12,48.0000
391,5,59.8000
392,9,51.5556
393,10,57.3000
394,10,53.8000
395,12,45.0833
396,8,46.3750
397,10,49.9000
398,8,56.3750
399,6,61.6667
400,13,55.0000
401,4,64.5000
402,8,61.5000
403,9,41.1111
404,6,54.0000
405,4,74.5000
406,9,61.5556
407,13,50.9231
408,8,38.0000
409,9,66.4444
410,12,60.5000
411,10,61.7000
412,5,39.6000
413,10,49.6000
414,7,24.4286
415,6,53.1667
416,9,48.3333
417,5,54.4000
418,8,50.1250
419,11,71.6364
420,8,37.2500
421,4,70.5000
422,9,38.5556
423,10,61.7000
424,8,42.5000
425,9,66.4444
426,14,58.1429
427,8,43.0000
428,9,57.2222
429,10,54.4000
430,11,61.9091
431,5,74.2000
432,5,32.2000
433,10,54.2000
434,13,59.6923
435,9,50.8889
436,7,61.1429
437,10,40.9000
438,8,57.8750
439,4,39.0000
440,6,47.0000
441,12,60.2500
442,9,44.7778
443,12,56.6667
444,13,63.0769
445,8,43.7500
446,12,59.3333
447,15,52.5333
448,10,40.6000
449,8,45.5000
450,6,45.8333
451,5,52.4000
452,10,49.2000
453,16,43.1250
454,8,64.3750
455,16,54.9375
456,22,49.2727
457,14,46.6429
458,5,49.2000
459,10,33.4000
460,8,36.3750
461,12,61.4167
462,10,60.7000
463,3,55.3333
464,9,59.6667
465,11,54.5455
466,14,52.7143
467,7,37.4286
468,15,57.8000
469,12,46.5833
470,15,50.8000
471,5,52.2000
472,10,39.7000
473,6,51.0000
474,9,42.0000
475,6,61.6667
476,6,42.5000
477,8,57.8750
478,5,32.4000
479,12,57.5000
480,7,46.8571
481,13,51.2308
482,8,41.0000
483,8,34.1250
484,6,58.5000
485,4,53.0000
486,9,45.1111
487,7,45.0000
488,7,46.7143
489,8,50.2500
490,8,57.3750
491,9,55.4444
492,8,26.5000
493,6,57.0000
494,10,59.8000
495,10,43.7000
496,11,54.7273
497,9,41.7778
498,11,49.1818
499,8,51.8750
500,8,62.2500
501,8,55.2500
502,11,53.7273
503,15,54.4000
504,14,46.1429
505,11,46.0000
506,7,55.5714
507,10,43.3000
508,12,32.5000
509,11,43.7273
510,9,43.1111
511,14,54.0000
512,10,33.9000
513,11,49.5455
514,8,46.8750
515,9,48.5556
516,9,55.6667
517,9,51.3333
518,7,61.8571
519,13,40.5385
520,5,45.0000
521,10,68.0000
522,13,60.3846
523,10,46.8000
524,11,44.0909
525,8,51.7500
526,13,40.3846
527,8,76.6250
528,10,72.9000
529,6,39.3333
530,15,50.2667
531,9,73.5556
532,13,62.9231
533,6,65.0000
534,14,44.5000
535,8,50.5000
536,12,44.6667
537,10,49.2000
538,11,40.9091
539,7,58.7143
540,9,60.5556
541,16,62.1250
542,11,60.9091
543,12,46.3333
544,12,56.3333
545,5,64.2000
546,6,43.1667
547,10,28.4000
548,6,51.0000
549,15,42.5333
550,9,58.8889
551,16,60.8750
552,22,45.1364
553,10,52.2000
554,11,42.4545
555,9,50.3333
556,9,46.3333
557,8,53.6250
558,10,38.4000
559,10,36.5000
560,14,57.2143
561,10,53.3000
562,6,30.8333
563,13,51.6923
564,15,50.4000
565,18,43.5556
566,13,56.8462
567,13,53.4615
568,9,63.1111
569,11,41.2727
570,15,44.8000
571,14,55.4286
572,11,52.3636
573,11,43.0000
574,11,56.0909
575,16,33.9375
576,6,65.6667
577,11,68.4545
578,12,48.5833
579,11,45.1818
580,10,45.7000
581,6,67.8333
582,10,38.4000
583,14,41.7143
584,18,47.7222
585,10,45.3000
586,8,41.0000
587,10,54.5000
588,9,44.0000
589,14,53.4286
590,17,50.1176
591,10,47.0000
592,9,46.2222
593,9,37.3333
594,15,55.2000
595,8,38.0000
596,10,45.2000
597,13,47.0000
598,17,43.7647
599,7,49.1429
600,9,65.0000
601,11,54.4545
602,12,47.5833
603,11,50.6364
604,13,42.4615
605,9,41.8889
606,16,51.6875
607,12,51.8333
608,12,52.6667
609,11,36.4545
610,19,46.8421
611,14,46.7857
612,17,48.1765
613,17,65.4118
614,10,51.4000
615,7,62.7143
616,14,56.1429
617,17,51.4706
618,15,51.5333
619,11,44.3636
620,9,46.3333
621,15,51.0000
622,8,36.2500
623,14,55.0714
624,3,46.6667
625,11,50.8182
626,12,52.8333
627,15,46.2000
628,14,59.3571
629,13,44.3077
630,12,47.1667
631,20,46.7000
632,13,60.0000
633,16,50.9375
634,8,54.5000
635,8,50.3750
636,11,53.5455
637,16,51.6250
638,9,49.5556
639,18,53.8333
640,9,37.7778
641,10,54.7000
642,6,69.6667
643,14,41.4286
644,17,45.7647
645,13,59.0769
646,12,52.1667
647,15,50.4667
648,11,49.0000
649,14,55.5000
650,13,54.0769
651,12,61.2500
652,7,54.1429
653,16,51.3125
654,22,41.7727
655,11,60.1818
656,13,56.2308
657,6,55.5000
658,10,48.2000
659,7,59.0000
660,16,45.1875
661,9,55.1111
662,9,59.5556
663,20,48.2500
664,14,44.7143
665,14,42.7143
666,10,47.3000
667,10,30.7000
668,10,63.8000
669,14,63.2143
670,10,54.7000
671,11,46.7273
672,12,37.4167
673,17,59.2353
674,14,55.3571
675,14,54.9286
676,16,43.1875
677,8,35.6250
678,23,38.2609
679,10,40.8000
680,10,41.6000
681,10,63.5000
682,12,53.7500
683,15,50.6000
684,12,46.5000
685,13,40.3077
686,19,45.1053
687,4,30.5000
688,27,55.8889
689,13,49.1538
690,20,53.9500
691,12,41.8333
692,10,66.6000
693,25,48.6800
694,12,52.1667
695,9,62.8889
696,10,56.5000
697,13,42.6154
698,21,55.3810
699,12,37.6667
700,16,46.2500
701,17,59.5294
702,16,60.9375
703,16,50.1250
704,10,46.5000
705,15,41.8667
706,14,36.9286
707,22,37.5455
708,15,60.4000
709,16,46.5000
710,18,52.1111
711,12,46.2500
712,9,46.2222
713,12,49.9167
714,14,49.2143
715,17,48.9412
716,16,54.5000
717,15,61.9333
718,12,47.9167
719,7,62.8571
720,13,60.6154
721,17,51.6471
722,14,51.0000
723,14,48.0714
724,14,56.0000
725,11,46.0000
726,11,51.3636
727,11,65.0000
728,11,67.8182
729,13,34.3077
730,11,63.8182
731,18,48.8889
732,14,48.6429
733,11,45.4545
734,12,61.6667
735,11,40.9091
736,13,30.9231
737,20,53.9500
738,13,48.9231
739,11,41.9091
740,12,56.4167
741,17,66.0588
742,16,45.8750
743,14,47.4286
744,21,42.7619
745,12,46.6667
746,20,47.7000
747,12,59.6667
748,21,50.0000
749,10,63.4000
750,15,42.5333
751,14,68.7857
752,12,52.8333
753,22,49.6818
754,23,41.6087
755,9,57.7778
756,14,45.1429
757,15,53.1333
758,16,52.8750
759,15,56.0000
760,10,53.1000
761,15,54.2667
762,17,43.0000
763,13,52.9231
764,16,56.3125
765,13,55.4615
766,19,50.2632
767,14,35.3571
768,12,55.0833
769,16,53.8125
770,15,58.1333
771,26,45.2692
772,20,53.4500
773,15,41.4667
774,11,54.0909
775,17,43.0000
776,20,50.9500
777,17,37.1176
778,15,50.0000
779,17,40.2353
780,13,70.1538
781,12,33.5000
782,11,56.2727
783,18,47.1111
784,17,47.2353
785,16,60.4375
786,12,44.0000
787,20,54.0000
788,11,38.5455
789,18,45.8889
790,14,53.1429
791,23,57.0000
792,21,48.1429
793,12,50.0000
794,9,34.0000
795,11,41.9091
796,16,55.5000
797,17,54.4118
798,18,55.5000
799,15,47.2000
800,17,40.7647
801,14,57.2143
802,11,47.8182
803,20,45.6000
804,10,39.2000
805,13,60.1538
806,9,61.0000
807,15,41.8000
808,12,52.9167
809,16,51.4375
810,15,56.2667
811,17,50.8235
812,16,50.3125
813,14,39.2857
814,12,37.6667
815,14,53.7857
816,23,59.3478
817,17,59.1176
818,9,51.4444
819,14,43.2143
820,18,56.2778
821,19,58.7895
822,13,35.5385
823,16,62.9375
824,22,45.1818
825,16,57.6250
826,18,60.8889
827,7,51.7143
828,15,61.0667
829,25,46.7200
830,18,47.7222
831,19,54.8421
832,12,43.0833
833,10,51.6000
834,9,59.0000
835,10,46.1000
836,13,59.5385
837,13,54.4615
838,17,48.4118
839,15,42.0000
840,14,65.0714
841,18,48.1667
842,10,60.2000
843,20,52.8500
844,11,35.8182
845,10,47.5000
846,12,26.4167
847,16,55.1250
848,15,74.3333
849,17,36.1176
850,12,61.8333
851,14,32.8571
852,20,49.4000
853,16,50.0000
854,13,54.2308
855,18,53.0556
856,11,36.9091
857,13,49.0000
858,16,48.5000
859,18,42.4444
860,13,29.1538
861,13,47.3846
862,26,54.8077
863,17,54.9412
864,14,39.2143
865,16,49.8750
866,14,46.0714
867,18,44.7222
868,12,45.3333
869,25,59.2000
870,15,63.6000
871,14,68.0000
872,20,51.2000
873,20,53.5500
874,26,53.1538
875,12,47.4167
876,18,45.6667
877,11,49.0000
878,12,39.8333
879,15,48.2000
880,19,57.4737
881,28,53.1071
882,17,52.2353
883,17,57.0588
884,15,61.7333
885,16,41.5000
886,30,40.6333
887,18,46.2778
888,12,58.4167
889,19,52.1579
890,18,53.0556
891,18,48.9444
892,13,66.6923
893,18,55.2222
894,12,58.4167
895,21,50.0952
896,20,49.4000
897,13,49.0769
898,16,54.7500
899,14,41.7143
900,13,57.6923
901,17,56.5882
902,26,57.4231
903,12,51.7500
904,14,54.7143
905,14,53.2143
906,15,46.0667
907,9,59.1111
908,11,45.0909
909,14,50.6429
910,19,59.7368
911,20,52.3500
912,12,46.1667
913,19,48.4211
914,21,62.7143
915,19,55.2105
916,13,53.3077
917,15,53.6667
918,16,51.0000
919,13,58.2308
920,22,50.3636
921,18,44.4444
922,11,68.3636
923,13,43.6923
924,18,54.0556
925,14,45.9286
926,15,52.8667
927,16,54.3125
928,16,48.6875
929,15,44.6667
930,21,57.7619
931,24,53.0833
932,21,58.2857
933,17,41.0000
934,21,47.1905
935,24,45.7500
936,17,50.7059
937,17,37.2353
938,29,46.4483
939,15,61.4667
940,18,56.5000
941,21,54.7619
942,17,40.4706
943,12,65.5833
944,23,54.8261
945,20,41.5000
946,20,65.8500
947,29,58.8276
948,20,45.5500
949,21,43.7143
950,14,58.4286
951,23,59.9130
952,18,60.4444
953,20,68.7500
954,16,52.3750
955,25,53.4000
956,15,50.1333
957,19,56.7368
958,17,45.7059
959,20,49.9000
960,17,49.8235
961,13,59.0000
962,18,52.0556
963,23,61.2609
964,25,48.2800
965,17,52.5294
966,17,45.9412
967,12,56.8333
968,15,49.1333
969,19,51.4211
970,17,43.2941
971,18,50.3889
972,21,45.0476
973,22,41.4545
974,12,49.0833
975,20,41.3500
976,16,59.1875
977,17,56.8824
978,20,50.0500
979,19,57.9474
980,18,62.6111
981,20,57.4000
982,15,48.8000
983,18,59.0000
984,18,50.7222
985,27,52.6296
986,24,48.1667
987,13,60.3077
988,20,45.5500
989,22,55.4545
990,19,50.5789
991,19,48.7368
992,13,56.0000
993,15,48.4667
994,22,61.2273
995,20,38.2000
996,21,53.7619
997,25,45.5600
998,17,62.4706
999,21,50.5238
1000,18,61.6667
