1
2
3
4
5
6
7
8
9
10
11
12
13
14
15
16
17
18
19
20
21
22
23
24
25
26
27
28
29
30
31
32
33
34
35
36
37
38
39
40
41
42
43
44
45
46
47
48
49
50
51
52
53
54
55
56
57
58
59
60
61
62
63
64
65
66
67
68
69
70
71
72
73
74
75
76
77
78
79
80
81
82
83
84
85
86
87
88
89
90
91
92
93
94
95
96
97
98
99
100
101
102
103
104
105
106
107
108
109
110
111
112
113
114
115
116
117
118
119
120
121
122
123
124
125
126
127
128
129
130
131
132
133
134
135
136
137
138
139
140
141
142
143
144
145
146
147
148
149
150
151
152
153
154
155
156
157
158
159
160
161
162
163
164
165
166
167
168
169
170
171
172
173
174
175
176
177
178
179
180
181
182
183
184
185
186
187
188
189
190
191
192
193
194
195
196
197
198
199
200
201
202
203
204
205
206
207
208
209
210
211
212
213
214
215
216
217
218
219
220
221
222
223
224
225
226
227
228
229
230
231
232
233
234
235
236
237
238
239
240
241
242
243
244
245
246
247
248
249
250
251
252
253
254
255
256
257
258
259
260
261
262
263
264
265
266
267
268
269
270
271
272
273
274
275
276
277
278
279
280
281
282
283
284
285
286
287
288
289
290
291
292
293
294
295
296
297
298
299
300
301
302
303
304
305
306
307
308
309
310
311
312
313
314
315
316
317
318
319
320
321
322
323
324
325
326
327
328
329
330
331
332
333
334
335
336
337
338
339
340
341
342
343
344
345
346
347
348
349
350
351
352
353
354
355
356
357
358
359
360
361
362
363
364
365
366
367
368
369
370
371
372
373
374
375
376
377
378
379
380
381
382
383
384
385
386
387
388
389
390
391
392
393
394
395
396
397
398
399
400
401
402
403
404
405
406
407
408
409
410
411
412
413
414
415
416
417
418
419
420
421
422
423
424
425
426
427
428
429
430
431
432
433
434
435
436
437
438
439
440
441
442
443
444
445
446
447
448
449
450
451
452
453
454
455
456
457
458
459
460
461
462
463
464
465
466
467
468
469
470
471
472
473
474
475
476
477
478
479
480
481
482
483
484
485
486
487
488
489
490
491
492
493
494
495
496
497
498
499
500
501
502
503
504
505
506
507
508
509
510
511
512
513
514
515
516
517
518
519
520
521
522
523
524
525
526
527
528
529
530
531
532
533
534
535
536
537
538
539
540
541
542
543
544
545
546
547
548
549
550
551
552
553
554
555
556
557
558
559
560
561
562
563
564
565
566
567
568
569
570
571
572
573
574
575
576
577
578
579
580
581
582
583
584
585
586
587
588
589
590
591
592
593
594
595
596
597
598
599
600
601
602
603
604
605
606
607
608
609
610
611
612
613
614
615
616
617
618
619
620
621
622
623
624
625
626
627
628
629
630
631
632
633
634
635
636
637
638
639
640
641
642
643
644
645
646
647
648
649
650
651
652
653
654
655
656
657
658
659
660
661
662
663
664
665
666
667
668
669
670
671
672
673
674
675
676
677
678
679
680
681
682
683
684
685
686
687
688
689
690
691
692
693
694
695
696
697
698
699
700
701
702
703
704
705
706
707
708
709
710
711
712
713
714
715
716
717
718
719
720
721
722
723
724
725
726
727
728
729
730
731
732
733
734
735
736
737
738
739
740
741
742
743
744
745
746
747
748
749
750
751
752
753
754
755
756
757
758
759
760
761
762
763
764
765
766
767
768
769
770
771
772
773
774
775
776
777
778
779
780
781
782
783
784
785
786
787
788
789
790
791
792
793
794
795
796
797
798
799
800
801
802
803
804
805
806
807
808
809
810
811
812
813
814
815
816
817
818
819
820
821
822
823
824
825
826
827
828
829
830
831
832
833
834
835
836
837
838
839
840
841
842
843
844
845
846
847
848
849
850
851
852
853
854
855
856
857
858
859
860
861
862
863
864
865
866
867
868
869
870
871
872
873
874
875
876
877
878
879
880
881
882
883
884
885
886
887
888
889
890
891
892
893
894
895
896
897
898
899
900
901
902
903
904
905
906
907
908
909
910
911
912
913
914
915
916
917
918
919
920
921
922
923
924
925
926
927
928
929
930
931
932
933
934
935
936
937
938
939
940
941
942
943
944
945
946
947
948
949
950
951
952
953
954
955
956
957
958
959
960
961
962
963
964
965
966
967
968
969
970
971
972
973
974
975
976
977
978
979
980
981
982
983
984
985
986
987
988
989
990
991
992
993
994
995
996
997
998
999
1000
289
805
805
920
964
632
584
829
922
438
503
552
373
944
202
693
617
968
919
549
577
406
978
938
731
513
952
575
503
985
843
882
923
862
910
455
604
408
880
808
184
978
942
476
924
311
857
169
596
852
948
809
819
955
821
522
491
960
763
692
402
972
824
840
847
795
966
508
77
986
508
933
145
573
984
951
848
649
985
947
434
269
744
904
838
442
683
137
753
718
353
797
917
195
742
686
878
974
623
552
250
142
973
246
665
855
273
449
960
808
939
423
618
900
825
360
763
231
873
262
474
509
260
776
326
883
244
776
911
764
629
777
631
513
766
680
146
803
946
967
363
730
709
840
856
990
413
342
349
400
447
823
144
860
750
896
353
496
970
768
639
986
663
359
674
866
830
653
782
821
934
766
602
679
83
625
606
764
355
226
751
220
910
956
829
339
464
793
324
992
522
931
831
444
83
902
495
385
407
937
926
715
254
551
968
420
718
557
809
696
219
388
80
867
703
819
933
548
829
963
336
810
470
284
446
557
395
235
766
682
974
480
650
956
459
708
912
757
779
852
322
704
656
875
584
786
560
935
863
999
891
988
259
964
799
673
325
663
166
657
582
577
835
984
567
708
428
901
164
882
259
846
476
846
660
245
813
831
762
214
578
947
638
446
892
224
498
560
752
582
798
375
889
977
803
636
973
611
738
733
681
539
717
744
809
333
642
996
927
330
896
940
898
491
772
879
678
324
840
742
656
639
476
979
880
889
947
557
825
648
569
387
862
869
868
987
824
479
983
993
188
466
894
936
433
544
852
587
571
326
719
345
682
699
942
204
681
809
427
356
406
253
628
826
959
438
891
889
986
528
507
965
543
441
909
534
389
877
459
910
608
960
873
407
424
469
931
318
363
792
650
780
914
466
854
865
786
887
754
140
280
885
844
866
571
470
895
429
944
806
702
339
703
881
891
442
459
800
933
767
331
791
652
691
767
416
588
664
649
482
882
661
882
949
693
820
985
76
740
820
890
928
673
595
320
885
772
894
392
497
830
850
563
822
505
553
425
772
793
768
825
222
61
846
319
809
951
834
697
947
543
461
792
962
984
802
872
111
675
602
515
736
626
598
693
772
363
915
795
966
627
685
455
215
896
997
566
872
451
628
994
513
721
961
666
584
794
814
454
333
769
867
286
913
973
862
585
140
639
479
785
395
405
788
836
105
981
541
707
494
487
951
889
355
867
515
937
998
849
736
931
457
613
857
435
737
281
846
990
959
432
576
966
870
616
571
797
663
981
746
710
420
831
617
954
592
881
837
487
870
323
933
950
936
914
366
988
890
777
263
627
448
787
327
139
663
397
751
172
998
459
795
710
962
822
535
695
251
617
693
646
388
386
627
948
913
600
141
318
693
823
130
493
305
506
801
523
972
158
777
698
828
702
959
830
379
609
723
866
595
410
913
259
676
455
390
902
583
354
582
980
919
789
869
791
618
807
567
53
854
799
447
277
930
367
760
742
932
258
787
519
863
691
935
912
291
914
968
783
813
891
682
648
747
459
854
497
278
395
424
188
357
254
422
633
952
610
860
534
272
750
938
727
588
717
152
521
677
828
972
907
880
731
570
178
989
923
875
543
498
902
810
465
724
361
469
195
632
969
804
821
525
439
869
305
950
575
915
761
894
853
594
375
560
358
681
756
736
843
352
290
958
829
441
530
848
773
607
74
542
749
249
784
873
359
487
882
347
631
744
706
410
548
618
598
842
781
524
974
736
915
955
747
300
726
193
379
641
469
814
475
491
627
784
987
893
682
613
811
737
898
227
869
147
416
538
782
875
468
659
796
748
506
686
575
723
933
430
415
700
836
623
954
648
285
427
783
970
843
898
560
481
444
927
920
646
608
663
706
554
781
360
534
912
827
635
901
358
373
534
663
610
366
852
726
972
771
828
602
743
448
826
908
419
620
293
338
700
232
503
826
945
673
374
926
989
888
431
988
941
894
694
259
542
898
980
735
322
698
437
881
733
693
886
944
946
962
707
690
736
865
556
571
992
588
801
826
944
987
959
976
880
353
101
835
439
437
356
258
572
608
836
991
365
467
580
977
895
642
963
575
836
652
988
607
923
538
967
892
946
537
934
862
244
483
724
612
859
870
437
232
851
809
876
61
742
524
536
878
816
826
991
723
718
995
791
542
873
654
172
403
203
931
818
863
574
377
766
587
823
935
821
874
458
838
580
722
936
773
672
772
826
697
386
727
725
671
551
836
248
777
870
291
440
901
877
789
843
422
419
473
815
274
477
780
699
449
672
260
921
757
956
964
532
607
872
857
210
317
837
728
988
947
615
787
933
538
133
634
829
388
735
691
829
598
516
351
445
162
896
500
568
961
628
411
665
631
618
763
839
501
911
952
298
566
315
316
110
866
433
958
786
674
847
755
934
480
949
431
238
617
367
706
247
998
747
779
329
600
941
337
721
816
845
424
335
256
496
746
785
639
941
748
926
986
756
649
154
998
847
584
748
494
750
590
858
833
856
774
167
700
436
482
865
400
564
647
693
928
765
771
979
452
704
849
864
852
779
978
451
880
617
796
205
884
470
767
980
399
740
773
955
483
611
802
403
676
150
957
570
738
900
724
413
663
923
695
313
483
764
805
656
952
24
702
87
672
356
952
990
631
911
905
698
877
883
181
872
844
311
786
340
260
222
68
570
670
59
911
561
410
924
407
621
915
920
977
768
929
671
130
499
796
962
817
793
619
456
289
586
130
518
334
696
309
755
926
951
644
873
836
733
711
644
796
823
647
436
338
344
984
742
970
955
120
643
869
859
775
162
965
537
955
789
856
993
174
754
298
918
561
521
798
875
784
573
825
644
433
885
824
682
953
771
874
977
580
926
124
981
563
340
666
400
675
748
377
288
441
659
960
797
742
556
953
674
490
812
690
675
175
700
392
844
994
359
403
841
174
443
686
950
883
174
644
689
507
362
541
375
850
410
841
683
969
663
944
988
617
315
132
872
427
364
376
582
893
92
654
842
351
618
945
897
456
857
478
715
999
733
612
604
766
725
637
733
71
890
979
956
584
728
625
873
715
710
456
700
804
723
967
939
509
988
951
710
702
903
469
456
299
577
628
955
566
423
121
745
903
89
332
867
532
969
737
822
829
953
852
691
886
762
816
976
138
891
840
993
877
511
672
468
738
231
751
721
444
706
406
173
709
384
764
824
388
778
686
743
720
744
978
775
613
436
393
565
842
694
977
985
803
584
271
510
810
270
253
1000
914
826
886
263
886
268
236
867
930
654
481
982
915
606
796
488
559
551
485
460
944
902
415
996
820
945
599
589
934
738
944
636
755
892
668
331
127
503
545
582
884
260
874
119
252
751
760
698
626
380
981
646
572
296
576
961
741
61
941
895
652
470
532
855
863
943
244
367
839
630
900
717
674
612
763
664
558
684
602
963
982
135
538
423
376
955
456
412
446
261
913
947
474
566
732
452
574
829
901
1000
981
659
1000
778
906
189
678
288
731
198
820
869
851
700
334
710
181
765
684
685
748
284
437
325
425
366
563
636
472
800
968
932
542
693
564
886
496
832
939
586
293
484
710
715
66
551
934
750
644
775
662
991
862
490
997
633
929
571
555
455
550
530
962
293
626
703
666
70
314
752
687
568
544
512
591
906
253
649
403
322
402
944
651
939
554
784
541
641
549
955
275
389
408
522
863
542
410
678
981
885
281
954
904
515
567
771
776
535
858
476
724
825
777
752
580
859
360
427
590
394
554
550
211
559
790
648
500
960
123
592
418
393
639
453
993
832
395
788
896
799
702
707
917
727
957
952
844
988
854
790
287
984
200
653
356
867
905
611
133
651
543
953
388
897
552
895
931
932
466
699
933
915
398
552
656
822
793
565
841
805
240
462
918
886
299
255
557
544
688
408
913
868
771
414
770
537
900
905
916
656
770
873
989
522
279
892
392
956
446
724
861
634
356
236
721
782
449
783
881
945
273
856
654
743
999
647
799
790
782
920
798
639
542
761
408
816
701
969
846
748
903
996
841
943
335
693
532
931
886
503
383
819
429
489
623
898
532
394
964
794
709
604
296
918
741
373
328
798
578
780
949
718
665
957
702
998
843
931
625
709
973
864
782
534
448
995
555
453
502
635
720
322
928
771
905
819
982
888
746
631
931
957
890
661
606
785
913
398
888
609
837
183
955
603
901
961
895
397
388
771
691
400
581
739
442
762
629
756
499
273
770
95
378
402
104
814
255
571
692
422
613
282
596
541
494
694
844
797
82
867
768
847
335
730
475
855
585
817
910
743
233
774
203
619
902
688
997
537
43
349
675
889
447
710
590
270
481
748
891
406
959
417
525
605
663
825
427
496
957
994
834
521
549
729
720
330
746
925
611
950
109
752
741
790
531
820
825
927
996
277
910
915
935
205
766
484
817
810
376
683
612
293
740
824
435
286
771
565
693
119
553
997
853
589
751
869
997
359
829
611
653
246
368
895
838
770
336
964
669
879
657
372
938
544
953
231
601
815
368
243
738
850
393
673
814
271
100
935
114
530
825
330
791
960
349
646
540
801
644
583
520
927
240
832
936
718
629
146
746
671
495
864
729
964
310
929
815
664
760
632
295
807
878
787
469
554
684
972
461
132
611
867
999
498
445
941
511
169
946
938
257
757
775
140
738
909
559
693
416
645
715
570
698
895
479
395
972
262
529
972
926
284
511
886
784
905
610
563
423
137
308
109
285
249
227
148
955
729
341
841
412
555
570
859
983
426
665
492
902
685
985
85
738
253
895
549
422
442
832
589
600
689
540
944
838
701
889
598
779
504
713
941
332
947
670
509
920
983
226
762
552
817
931
336
684
614
819
906
603
688
138
996
853
688
830
850
806
771
431
892
711
889
548
639
985
625
945
466
522
403
795
671
637
452
938
338
507
974
639
831
772
639
618
979
591
531
986
336
730
712
461
602
207
885
737
637
589
699
797
606
679
914
678
813
621
785
888
920
302
183
587
713
448
700
843
468
282
828
372
831
955
814
886
413
979
971
789
366
428
590
599
616
564
893
934
782
500
277
789
774
821
734
469
946
811
960
831
868
822
740
739
388
743
420
876
598
686
962
397
653
408
396
388
986
971
598
708
535
933
447
605
589
890
479
470
996
339
508
705
888
913
722
51
470
746
991
915
454
996
201
668
348
935
275
453
524
664
754
790
886
881
467
697
986
928
527
387
939
707
427
669
820
703
733
483
884
462
904
588
979
762
746
264
926
948
914
909
508
541
532
873
503
934
726
881
893
853
713
441
806
938
639
282
731
304
901
477
902
975
943
698
928
177
681
512
935
988
611
375
862
728
734
229
563
986
311
547
765
719
239
999
921
636
812
230
880
744
637
607
875
565
205
481
682
874
839
464
353
480
720
766
850
726
443
330
976
657
357
835
920
735
791
794
685
391
791
805
481
982
987
158
753
549
86
527
411
583
611
917
947
9
672
948
867
654
504
900
686
816
563
994
927
265
664
965
822
789
823
919
961
174
636
418
204
317
301
880
704
829
639
630
985
543
362
519
824
778
848
472
594
907
479
855
860
657
875
560
756
243
632
824
815
751
105
965
683
411
633
309
183
995
721
502
868
414
937
964
335
742
569
434
977
948
706
945
708
839
236
679
542
503
355
631
750
642
884
810
781
809
534
840
767
590
980
731
633
709
873
920
492
308
872
938
488
964
997
736
375
328
551
709
712
137
244
707
589
471
721
748
806
647
499
254
286
594
597
258
474
598
323
970
867
892
876
736
570
660
602
654
631
931
468
447
628
845
989
498
453
797
935
908
769
813
420
898
603
989
954
779
853
344
754
670
661
540
969
578
721
690
702
735
706
899
675
981
943
729
557
425
941
609
601
327
830
229
512
976
749
972
994
665
628
561
649
254
536
913
879
422
328
490
836
637
536
616
163
680
993
596
995
937
618
404
932
880
798
986
756
603
957
910
561
194
399
798
920
851
944
870
469
599
758
769
595
488
590
843
935
855
934
287
727
538
251
857
90
939
86
688
991
683
882
802
776
745
555
932
708
136
722
609
631
714
80
856
438
539
554
855
358
865
947
883
936
711
521
316
455
964
976
353
782
225
982
140
915
754
313
804
977
330
390
641
881
728
994
377
204
531
710
892
697
114
604
898
943
663
920
991
859
555
837
536
308
741
929
566
673
448
522
502
944
709
885
327
874
587
694
192
270
337
968
772
495
522
710
419
522
670
911
428
57
970
665
881
805
991
891
200
164
778
322
664
980
869
706
569
65
868
352
704
812
885
698
978
759
862
683
381
759
890
637
685
678
953
960
764
569
61
236
511
374
800
145
630
674
16
621
786
701
578
353
838
840
574
838
679
595
887
143
984
862
408
822
986
117
607
991
904
531
924
721
116
880
498
494
967
733
732
668
772
916
371
422
923
702
794
775
717
590
980
492
888
551
775
461
707
606
749
409
930
453
963
821
901
416
851
864
261
465
489
340
622
346
187
709
880
623
770
100
858
647
504
908
890
536
817
732
443
653
999
971
887
981
808
702
512
444
619
746
617
549
280
669
625
886
504
902
915
840
122
337
928
312
138
873
622
511
852
348
208
665
997
648
974
177
829
869
860
697
726
887
855
786
287
814
796
853
810
897
462
895
962
976
776
595
781
621
972
916
546
92
455
503
293
650
510
881
631
884
271
508
649
986
893
841
432
890
957
865
861
81
944
874
836
584
465
333
526
686
622
950
801
945
878
604
829
828
562
654
698
553
777
517
896
873
332
981
991
625
988
247
896
947
553
503
922
971
241
921
819
428
499
426
275
945
743
978
762
716
598
830
870
718
920
964
737
666
679
764
713
688
693
711
960
815
479
143
567
432
698
843
519
424
986
782
841
647
741
790
938
384
640
795
817
184
337
357
765
276
709
954
746
400
769
365
801
715
930
563
939
225
835
886
679
358
723
270
705
909
768
413
938
910
962
600
995
748
750
648
715
539
756
653
955
705
630
897
555
911
972
834
705
514
807
823
765
837
880
871
737
945
357
613
133
386
541
881
821
592
612
921
327
926
465
891
771
223
895
852
751
429
747
874
969
915
537
924
982
511
751
990
748
375
714
789
413
766
699
764
881
675
102
797
802
633
290
489
910
690
490
964
232
590
963
320
637
964
816
363
881
909
684
931
808
474
271
864
689
623
474
754
587
849
972
997
690
227
901
703
948
162
971
310
975
796
975
848
778
754
154
680
762
694
942
689
989
771
685
254
438
823
193
682
216
870
973
297
236
360
722
785
816
179
811
817
218
807
453
445
762
647
441
916
453
862
72
990
430
677
914
970
444
619
104
690
219
979
675
601
618
429
745
887
489
234
680
936
882
335
707
944
317
849
370
366
610
955
787
791
705
796
903
889
454
648
963
906
481
872
882
505
731
701
797
701
517
842
611
898
174
964
950
790
339
411
796
467
434
651
665
890
674
810
966
160
910
683
762
979
504
849
707
126
696
799
443
760
272
468
393
775
893
565
946
652
912
493
503
258
515
919
614
897
753
660
616
565
807
790
833
754
995
873
856
738
824
722
633
521
764
583
845
161
406
415
674
608
898
368
538
892
716
889
946
552
602
818
979
669
152
879
690
963
660
541
944
757
971
964
803
709
329
745
318
592
681
571
871
758
639
768
233
787
981
969
368
985
672
339
614
778
811
125
819
986
676
622
289
676
509
543
808
963
632
674
928
852
738
122
725
329
291
351
965
777
815
456
964
541
282
977
797
698
924
936
997
835
536
903
97
443
581
904
410
747
626
985
871
319
607
663
611
951
678
632
871
522
961
239
550
675
357
828
867
724
814
766
970
282
912
792
849
770
887
997
891
729
713
516
995
987
687
329
412
770
386
837
967
947
61
293
935
481
876
783
698
792
813
791
718
624
742
437
931
222
542
770
337
762
997
594
41
612
354
919
883
709
155
994
949
532
549
459
632
965
578
119
688
652
828
959
627
620
869
355
278
963
584
912
945
437
456
801
789
973
872
895
890
864
637
524
822
980
942
998
786
610
997
890
890
470
931
791
405
583
641
744
953
936
738
945
377
638
712
625
617
358
593
853
852
807
588
757
831
631
902
615
788
683
366
851
931
485
551
955
703
883
579
400
475
964
841
969
296
785
666
790
763
761
455
444
686
875
184
288
202
433
707
833
159
611
858
933
855
508
930
855
723
689
826
426
862
684
600
770
412
936
669
399
723
777
676
544
765
817
446
627
533
532
824
530
862
717
236
962
985
456
426
488
966
605
209
758
924
644
876
763
375
322
910
142
986
794
932
141
466
799
603
596
506
613
300
942
583
853
855
239
840
978
594
189
711
579
886
430
982
614
923
932
610
909
775
593
426
593
265
372
848
881
825
831
340
427
465
210
231
614
317
654
906
229
744
734
756
286
713
952
747
886
70
821
787
229
859
426
940
830
281
899
444
924
847
517
466
579
411
714
571
54
931
628
722
838
342
468
442
977
816
253
927
907
970
563
498
932
815
741
625
403
212
392
754
661
737
922
715
940
728
893
665
754
513
989
874
456
1000
678
889
571
740
966
850
601
608
283
842
456
791
779
737
721
467
989
865
954
349
118
814
344
537
958
167
990
457
753
996
218
911
936
977
274
484
821
930
825
730
640
567
290
390
965
616
518
91
697
828
178
271
782
705
846
425
431
914
816
825
46
813
757
560
829
626
867
512
738
946
338
884
325
848
917
748
887
1000
511
754
335
316
551
919
976
574
891
507
571
820
998
535
470
552
264
166
909
430
710
812
354
937
241
976
858
294
945
877
624
548
964
352
571
621
366
391
805
999
829
939
953
790
654
572
848
898
616
780
544
576
437
947
758
306
882
655
744
695
741
800
972
435
887
384
892
772
457
707
696
450
972
176
644
591
185
597
421
317
590
971
921
702
990
620
457
910
671
340
444
601
983
684
588
334
455
739
775
569
528
846
909
994
444
214
420
601
1000
418
778
693
658
593
751
707
907
834
921
832
929
631
632
764
575
277
887
626
269
480
591
850
631
773
585
645
988
966
972
812
558
952
387
937
720
842
759
767
531
625
175
930
840
519
990
347
692
792
971
803
632
617
244
569
771
579
869
148
688
640
280
850
942
289
994
374
783
924
828
667
787
444
509
950
863
354
375
469
986
954
732
593
512
848
746
859
812
698
613
965
938
818
335
880
585
447
758
757
743
808
783
862
460
643
770
849
924
884
538
973
330
521
874
346
914
574
452
609
496
400
795
694
561
779
826
881
886
368
800
544
643
550
523
762
797
584
959
281
992
917
344
858
519
696
816
425
882
793
938
457
901
649
955
585
714
830
853
772
734
775
929
943
816
803
891
630
751
338
278
809
491
603
570
315
866
911
757
486
874
506
864
483
404
903
752
753
384
122
741
510
373
703
893
818
914
654
862
473
694
896
645
591
874
703
693
792
920
735
596
949
710
715
911
959
456
547
686
936
210
602
589
636
196
925
637
239
124
930
720
348
395
766
322
847
26
676
803
788
820
153
700
705
814
450
960
678
924
40
762
792
741
861
563
262
245
660
351
529
326
381
545
720
774
523
958
441
324
426
726
833
693
311
772
900
730
268
743
778
916
717
736
253
910
660
584
935
294
718
423
774
792
996
496
860
931
568
596
311
567
495
650
637
552
404
847
928
419
971
776
908
462
953
521
980
937
672
755
533
655
816
578
873
865
936
862
697
568
293
267
385
470
631
897
925
409
371
493
453
858
932
902
763
834
731
290
868
573
468
925
688
811
871
771
623
930
663
394
284
692
792
553
298
933
970
94
832
979
393
947
639
983
613
680
147
796
647
962
676
423
120
759
472
938
717
394
847
538
822
238
284
618
566
701
194
245
505
413
838
958
862
105
716
883
761
588
961
349
414
843
239
941
92
734
237
530
278
487
651
938
839
604
489
616
698
464
995
744
415
604
311
663
862
784
712
917
364
710
876
351
253
354
574
612
827
769
455
861
926
958
918
643
454
182
443
783
958
233
765
882
799
867
366
884
886
949
221
864
941
206
503
786
772
507
967
699
885
464
679
184
514
202
419
991
267
746
550
335
888
886
831
846
826
888
897
944
350
1000
739
861
911
824
546
711
554
610
771
733
245
597
473
309
820
988
766
921
613
807
708
408
392
646
290
409
812
510
959
863
620
899
976
460
481
819
997
959
864
787
383
608
893
919
684
610
747
628
954
993
530
851
481
605
970
786
792
457
325
932
714
655
690
312
511
857
893
633
825
847
231
987
446
810
466
577
540
821
482
891
452
997
515
782
977
962
344
400
161
698
767
458
326
201
751
270
953
175
768
942
587
874
981
828
964
589
462
874
167
938
772
841
561
978
908
705
861
753
528
536
492
436
749
880
296
456
720
640
328
870
453
835
619
330
903
578
373
434
157
914
199
879
363
711
948
49
469
841
913
675
528
694
899
145
817
980
940
973
40
801
968
969
932
885
634
864
446
534
746
702
639
557
367
169
771
327
824
742
779
641
728
364
195
170
142
490
205
852
395
727
718
676
958
916
887
69
459
676
937
734
206
315
875
992
994
767
972
706
837
798
812
958
495
495
558
991
393
986
784
911
918
760
824
961
812
803
726
502
930
902
603
441
348
324
606
656
613
217
918
582
752
588
989
514
884
334
224
522
591
981
53
854
919
906
441
594
165
828
950
139
528
910
749
336
511
800
293
435
597
791
471
816
685
691
920
845
869
323
739
750
887
745
596
480
501
999
929
564
612
360
434
93
510
898
915
953
610
930
688
670
594
698
798
565
729
775
464
391
942
562
920
861
954
999
551
705
821
813
945
884
524
816
659
419
511
793
640
972
643
497
754
746
982
209
442
820
896
443
945
791
948
583
766
902
307
763
995
863
860
448
951
1000
199
764
720
552
686
301
998
366
680
896
508
791
936
737
375
758
934
808
541
995
228
885
698
935
948
722
439
748
477
975
352
799
363
629
696
878
650
358
929
943
451
645
997
483
524
243
566
359
609
881
928
808
608
280
962
876
788
741
565
602
689
610
928
719
711
882
528
742
438
372
284
941
665
714
978
450
133
567
457
639
821
650
499
493
838
772
486
494
941
456
373
623
349
890
526
641
938
940
788
711
764
621
316
787
637
324
434
758
575
646
361
619
732
923
461
710
663
133
941
904
722
464
426
572
156
838
500
671
690
660
932
930
672
780
347
324
552
402
801
579
777
886
633
838
683
249
817
565
448
771
457
526
149
654
737
945
353
581
237
928
589
991
393
706
409
146
848
425
584
567
841
974
887
223
957
299
943
644
673
721
777
870
753
999
566
656
912
668
907
951
582
413
600
843
429
643
966
606
630
876
886
562
621
744
616
697
456
657
529
878
465
253
285
893
960
772
54
989
854
553
613
558
847
516
352
748
654
878
727
955
993
579
359
486
957
402
773
979
752
947
809
562
758
658
353
551
803
731
954
898
788
949
865
844
395
716
578
401
775
780
54
757
233
455
758
971
263
806
774
592
915
938
860
692
621
649
949
943
374
743
639
780
959
222
900
949
952
984
530
935
308
841
829
314
841
864
956
278
524
575
867
396
336
198
903
863
935
703
809
648
454
770
689
886
547
707
937
243
430
968
773
660
915
301
978
249
784
787
589
436
959
559
551
358
606
827
337
654
525
377
949
474
672
656
979
737
932
609
530
933
268
515
510
759
608
930
704
117
496
633
781
922
441
424
926
691
920
684
776
560
886
884
605
973
855
492
411
930
674
539
295
270
779
497
985
983
642
366
552
773
853
724
420
336
907
570
586
938
781
981
595
251
514
542
264
677
686
279
394
824
799
802
941
128
385
825
771
441
967
638
932
652
749
526
637
736
520
559
695
549
253
691
176
866
669
826
872
632
233
413
631
897
975
903
344
787
312
904
274
368
453
751
299
667
964
808
539
567
368
612
793
443
788
267
967
985
590
871
693
904
449
922
691
274
640
963
756
329
677
737
403
956
984
910
775
627
264
524
552
586
925
839
760
368
805
984
999
951
815
436
468
161
829
950
550
434
729
779
156
619
699
707
736
550
768
815
969
509
845
703
865
423
852
443
714
701
688
626
961
662
946
608
577
986
791
507
693
826
802
559
330
906
326
420
929
156
423
939
976
828
839
559
341
132
467
525
930
737
626
978
209
167
222
610
440
283
668
253
552
900
535
593
678
326
879
692
973
901
754
330
899
693
638
916
988
417
730
607
710
665
831
486
81
756
633
509
971
612
859
430
799
565
502
928
419
399
997
640
816
579
703
690
618
342
809
881
518
645
553
617
971
754
996
575
960
477
927
854
931
396
529
127
753
985
630
756
757
482
783
876
935
769
104
593
732
454
551
565
853
857
748
30
787
789
933
690
833
538
918
433
942
458
564
797
999
992
932
823
194
997
695
820
874
798
902
766
678
862
650
871
928
71
406
753
433
558
287
983
410
948
769
753
655
774
252
462
904
754
504
968
898
727
620
913
873
716
501
606
358
694
799
621
889
317
973
818
560
703
165
934
780
252
789
655
316
450
468
940
604
549
505
744
970
688
371
844
222
589
715
895
543
737
159
834
885
911
753
670
649
866
170
970
534
952
612
526
670
813
372
690
676
731
754
706
646
686
948
678
288
445
585
982
959
685
372
569
737
491
759
667
924
387
216
882
990
708
583
334
594
470
495
876
973
812
851
811
772
980
753
941
911
565
678
682
716
890
734
407
158
992
951
664
975
792
960
902
564
294
310
867
573
164
164
613
280
236
406
760
902
447
820
158
357
312
726
651
829
482
962
964
783
732
598
784
912
355
552
540
963
918
498
984
308
267
947
715
795
368
838
689
637
361
636
377
327
934
434
853
963
883
614
444
409
478
935
433
579
558
914
712
190
354
755
725
896
778
686
876
776
975
748
452
650
872
614
617
902
382
797
827
883
472
532
768
992
976
948
989
761
877
587
402
309
363
838
610
829
486
292
859
248
932
951
11
673
792
729
703
731
621
538
841
220
502
171
164
934
949
824
271
884
918
737
407
523
688
806
646
803
796
977
82
430
973
773
784
554
730
834
947
599
732
379
518
932
631
826
744
496
975
792
895
517
667
994
613
487
497
905
963
757
738
774
721
866
315
983
952
397
993
885
724
859
790
559
894
510
188
413
978
814
303
949
568
452
840
912
208
459
872
351
456
771
830
712
918
678
381
607
477
590
517
897
159
717
448
629
841
963
891
679
922
522
982
466
849
392
644
565
382
800
627
124
783
843
958
452
537
875
701
632
758
886
819
971
290
995
190
748
678
658
976
690
14
858
973
580
578
746
606
655
756
957
809
671
790
532
590
770
848
407
249
915
800
807
682
435
701
957
284
578
911
832
777
843
839
815
612
622
658
567
556
784
955
755
302
328
989
455
731
635
811
922
699
773
563
683
994
978
519
918
411
645
948
688
333
861
836
698
981
553
750
681
878
340
903
254
633
500
987
572
300
998
798
684
693
668
433
956
120
974
925
811
753
933
312
801
713
177
381
682
948
654
552
826
220
489
374
845
561
808
576
249
913
360
909
946
768
983
943
658
963
935
692
109
853
604
548
752
114
769
689
961
663
979
694
469
942
787
552
823
731
842
181
266
626
976
556
975
493
677
617
518
776
831
811
18
601
794
914
419
792
597
874
461
695
672
994
759
627
947
352
559
966
435
788
495
275
396
784
270
895
983
885
644
830
266
680
896
935
862
70
601
435
961
837
760
944
809
745
173
926
848
564
889
868
953
739
796
651
993
968
545
430
975
968
486
913
348
908
899
850
505
362
905
713
993
757
765
927
193
748
882
699
986
886
764
981
952
915
552
446
776
60
826
447
314
990
525
469
89
662
758
425
891
700
804
300
563
305
759
719
994
693
688
957
854
399
789
956
739
921
925
397
886
432
992
614
648
504
863
845
851
906
959
426
151
234
591
892
301
607
904
705
938
872
722
963
800
502
797
658
676
920
623
871
746
602
384
765
997
261
621
647
859
865
461
271
387
963
178
371
922
933
853
634
590
981
852
941
595
822
669
419
589
733
575
949
579
892
282
987
598
598
131
297
249
981
917
938
999
759
524
817
400
964
876
800
394
481
629
653
665
877
154
247
869
953
392
819
567
661
831
474
688
914
750
986
741
581
773
899
843
597
614
465
779
302
605
909
231
921
905
643
858
544
777
617
549
899
985
445
390
968
277
741
299
937
862
386
514
732
228
275
810
700
720
698
968
862
666
353
549
645
700
816
146
940
775
546
847
748
893
558
896
241
644
891
896
996
297
963
92
528
407
820
543
658
776
924
838
507
627
634
226
807
678
211
551
901
689
406
230
971
967
787
268
993
207
491
405
590
714
831
252
337
457
653
824
513
798
926
931
626
770
180
874
860
572
523
519
697
619
580
462
919
686
560
572
965
675
762
620
225
938
552
881
638
375
996
975
970
997
670
505
530
941
365
523
969
834
944
949
397
937
748
815
717
461
732
162
899
836
644
471
501
772
597
811
894
317
775
979
704
48
517
789
952
969
997
611
533
984
152
715
857
609
276
989
805
749
763
580
758
386
411
921
856
951
669
578
886
829
604
527
487
440
994
189
529
398
779
851
1000
960
379
902
794
361
947
447
194
630
855
280
523
324
729
292
550
632
757
207
673
569
612
622
532
627
772
651
597
582
610
583
737
969
923
885
616
285
505
880
957
722
683
819
305
872
982
909
859
296
906
274
879
534
337
745
331
714
248
944
677
797
953
731
791
920
174
342
690
801
876
501
762
547
266
913
293
466
975
198
580
914
597
460
964
15
899
959
616
704
811
951
825
804
805
993
895
312
456
930
950
776
317
235
885
951
876
776
472
873
871
793
858
80
445
651
979
942
966
998
650
959
540
653
867
647
481
930
984
373
785
995
708
83
820
317
932
802
939
713
753
279
813
280
965
407
776
186
691
618
592
785
990
714
425
378
724
900
778
196
780
721
896
921
812
905
947
426
496
937
791
975
783
871
985
925
545
743
372
849
573
901
364
403
302
816
917
969
757
997
970
829
944
990
79
938
556
422
275
892
910
696
811
290
557
350
346
216
789
207
970
974
415
404
978
696
618
847
776
820
830
752
715
488
389
888
801
814
910
865
400
871
519
691
136
670
198
688
994
765
410
879
256
883
703
717
881
904
823
996
884
232
397
803
901
361
292
644
266
339
925
647
662
343
662
573
658
934
696
843
407
336
618
222
647
664
695
941
849
312
931
305
543
767
502
851
521
773
382
766
783
723
865
745
859
754
911
941
699
714
946
645
394
815
264
842
871
987
574
401
771
555
918
863
1000
911
534
605
643
659
942
346
769
771
659
966
706
192
494
128
803
975
890
931
49
716
829
937
390
824
597
579
923
453
874
721
260
895
581
554
230
370
912
592
853
501
418
237
985
769
971
931
953
663
762
327
875
75
851
877
246
870
893
393
650
827
888
758
985
803
513
326
793
534
802
628
998
844
540
778
345
718
806
599
145
894
774
906
586
526
664
746
941
780
654
812
566
544
360
528
823
804
511
385
992
465
586
570
797
888
507
894
868
314
321
731
207
327
945
305
876
940
747
931
846
552
584
347
940
732
884
575
831
719
636
839
939
468
761
794
283
846
701
831
889
934
678
519
404
673
635
125
785
990
758
741
863
921
711
385
969
983
635
667
509
633
972
575
623
879
107
973
854
938
369
771
702
952
949
830
973
837
754
239
379
708
848
562
660
830
598
723
224
688
715
602
207
451
38
76
756
667
914
575
835
506
95
902
417
694
769
978
605
967
549
472
371
917
940
869
301
995
294
494
740
457
883
949
584
939
869
764
315
852
850
991
629
629
555
496
191
646
656
902
421
609
935
520
467
407
801
275
854
929
491
278
594
532
956
459
612
530
424
447
402
956
490
375
963
914
778
665
747
955
739
423
620
463
426
997
800
355
541
333
527
504
668
832
503
832
651
985
977
516
902
486
980
859
573
894
715
513
586
603
383
468
744
833
791
480
829
858
267
653
367
895
164
857
895
660
874
852
934
865
331
379
286
200
876
673
570
473
870
279
663
766
594
654
558
466
220
675
334
988
779
999
921
896
612
771
734
937
434
305
977
973
869
809
965
688
615
795
987
390
682
544
398
315
951
520
477
461
350
976
613
929
465
821
115
957
984
972
800
994
541
508
457
357
781
787
728
773
1000
836
818
800
938
742
416
849
654
779
956
46
684
511
921
778
310
784
881
484
504
338
978
668
902
572
719
546
913
824
554
344
92
914
570
942
855
743
804
837
407
870
753
835
917
724
667
725
744
915
357
934
773
286
821
576
645
584
962
631
583
414
883
748
996
761
613
470
749
218
830
737
701
747
940
695
767
416
835
477
717
621
638
899
674
821
440
744
455
881
660
781
948
619
185
980
982
653
949
592
717
697
887
475
315
678
558
270
667
924
453
886
707
980
863
877
812
662
968
855
492
556
845
776
883
740
506
710
997
527
989
727
701
721
508
629
468
706
275
813
991
456
688
509
438
641
824
370
979
390
570
740
580
741
395
601
594
464
283
443
843
732
681
664
689
325
924
988
119
660
385
874
755
865
796
628
503
700
913
909
903
60
650
716
71
816
666
911
769
377
655
610
82
927
512
673
126
862
522
999
498
901
678
685
968
564
566
933
777
539
380
504
795
908
924
280
833
995
730
720
843
543
683
810
927
990
596
397
916
940
824
690
710
762
803
830
376
395
869
530
955
574
783
1000
118
763
182
722
638
828
461
931
953
187
653
688
895
771
537
476
286
409
808
468
872
991
967
277
989
312
917
541
512
421
793
516
314
390
519
466
863
641
910
791
918
560
858
610
791
621
673
862
688
703
937
930
787
214
938
658
959
786
438
544
929
660
817
642
697
966
594
623
948
739
460
189
671
239
1000
998
987
936
852
935
591
577
945
783
547
736
987
616
996
390
922
395
527
526
997
1000
761
852
934
765
996
447
850
999
881
913
656
833
943
527
790
990
40
979
645
947
939
946
720
530
768
146
616
879
806
978
728
700
240
417
181
989
866
901
750
947
560
701
872
449
707
769
917
940
247
693
881
644
862
575
461
119
715
923
708
988
716
608
993
992
673
434
681
428
898
879
906
974
763
707
823
709
643
444
804
813
565
743
999
840
327
499
316
633
761
560
769
916
653
914
759
705
795
521
679
930
369
871
478
875
958
208
411
982
747
989
571
97
282
993
341
756
927
457
111
744
509
299
829
998
387
919
764
821
564
805
924
990
713
686
708
803
735
159
918
887
428
389
678
831
803
753
236
825
349
583
964
973
472
337
860
398
714
881
389
764
418
958
754
725
758
466
643
636
960
841
754
690
515
676
832
951
516
653
685
869
556
629
218
908
259
523
541
610
975
807
714
878
384
366
705
597
986
954
857
994
833
926
574
759
820
761
649
396
354
259
663
781
948
675
499
781
785
472
785
886
897
724
598
746
861
836
687
953
1000
225
744
896
245
705
625
688
482
655
727
589
948
706
792
462
917
999
610
944
675
896
689
268
302
577
512
946
746
986
233
992
551
516
725
876
799
268
649
494
604
810
739
38
832
637
674
824
784
218
947
843
265
676
802
470
674
266
852
673
902
837
442
796
900
988
647
219
735
211
416
902
984
766
524
898
807
410
429
932
933
950
966
328
828
94
821
870
938
777
274
717
433
441
723
693
989
982
618
742
949
752
734
792
959
526
615
920
921
973
502
702
868
708
662
854
986
587
356
607
928
108
928
542
923
669
697
927
669
812
594
770
861
182
723
371
363
870
963
397
999
585
849
839
341
680
455
844
842
348
953
998
921
777
361
779
935
702
479
584
322
191
984
980
291
692
995
707
906
518
149
654
440
265
495
232
750
877
708
823
537
693
785
628
791
324
750
844
779
388
860
184
965
973
957
564
428
905
623
905
822
985
755
798
222
288
734
985
503
611
839
882
528
504
662
622
916
616
571
860
631
812
671
731
872
759
947
839
643
488
879
915
307
606
326
217
759
859
647
946
965
497
865
906
321
536
186
289
996
564
54
991
179
664
519
807
780
454
745
357
811
324
914
568
849
60
745
785
866
258
1000
796
311
887
683
497
913
169
869
693
635
831
253
799
455
951
820
260
907
572
55
570
35
577
455
878
585
617
93
932
881
773
969
730
761
874
627
666
384
880
104
981
925
735
296
152
753
610
989
723
859
949
889
975
473
291
500
826
187
566
363
57
612
723
866
733
734
599
666
940
880
895
962
494
114
981
284
847
954
955
498
893
945
254
991
526
817
288
157
498
761
807
601
536
575
627
258
608
390
123
256
352
458
736
749
807
179
643
606
963
139
418
969
631
849
862
606
339
977
416
861
646
396
798
810
950
966
857
759
674
564
801
276
298
243
583
568
813
980
211
873
980
735
348
972
623
342
872
990
535
975
552
549
866
924
456
961
552
938
214
864
346
848
787
889
874
270
942
874
852
840
767
952
656
732
985
938
505
800
921
998
953
752
33
386
951
783
893
189
564
514
291
598
744
990
450
789
831
517
472
813
772
222
882
916
743
513
879
740
317
485
567
740
429
952
229
638
508
866
342
951
508
970
470
232
800
929
750
962
453
655
328
643
328
975
471
847
868
628
409
639
841
893
955
633
560
460
700
447
181
169
535
130
490
873
486
273
474
890
934
729
446
746
920
983
164
840
623
547
667
213
897
410
783
634
883
185
745
815
635
600
716
464
708
823
628
713
906
313
949
858
793
572
984
449
908
366
741
112
468
712
400
554
935
788
516
394
900
663
195
899
797
312
533
479
843
872
925
583
294
839
716
448
789
375
934
502
664
664
784
392
958
568
767
617
507
110
775
985
763
514
910
676
382
645
637
810
886
672
804
837
607
769
829
384
753
855
430
980
718
504
513
883
995
750
497
946
918
447
690
543
686
798
886
744
591
781
569
927
811
541
56
371
991
951
800
774
649
843
996
82
912
900
686
573
650
965
721
724
861
977
584
940
947
398
649
945
167
651
240
531
872
958
677
692
954
161
869
823
995
661
845
760
366
856
525
716
727
629
258
573
742
979
954
346
630
462
434
401
536
465
211
531
338
71
114
541
965
984
922
742
956
282
700
934
887
478
133
280
646
848
457
549
190
849
613
966
437
771
447
483
946
887
299
676
817
690
304
603
826
969
353
811
754
701
816
978
371
281
803
641
975
849
456
526
463
356
985
858
556
789
606
716
771
654
889
972
791
986
731
778
974
767
858
640
785
247
904
722
983
786
530
955
735
784
819
707
686
937
353
869
988
510
923
651
381
590
859
705
726
860
926
938
452
838
819
587
966
685
513
803
492
319
202
817
653
911
252
901
935
187
338
821
957
751
809
530
744
460
862
418
615
678
577
740
685
553
519
322
636
257
869
992
989
867
449
661
766
971
810
995
952
994
920
925
145
902
996
683
551
944
958
426
958
881
983
630
561
741
983
950
669
890
707
470
936
446
306
547
729
479
983
851
753
176
484
575
531
600
776
846
709
563
390
534
803
293
453
989
830
597
252
525
710
654
648
526
196
337
707
927
255
540
839
854
598
688
902
874
964
947
856
948
407
393
994
388
172
443
855
947
660
609
615
855
913
724
50
409
453
410
947
929
678
130
960
925
324
996
75
909
398
780
644
430
709
389
434
998
384
577
917
955
565
957
896
681
294
546
631
725
633
364
776
838
753
869
621
911
777
816
620
322
716
267
878
255
582
792
936
515
730
603
536
565
437
963
731
701
391
818
920
175
314
604
983
123
894
822
874
863
711
688
574
879
799
400
728
606
940
944
137
940
785
704
869
776
973
725
619
593
761
489
927
152
827
500
985
93
946
805
856
847
889
971
802
951
594
816
414
709
818
428
596
881
704
482
894
338
873
338
817
868
994
698
151
380
481
761
999
207
429
857
707
96
985
307
942
754
584
276
811
830
765
698
660
673
479
504
561
954
656
725
655
791
792
340
789
414
357
511
669
712
590
716
353
456
881
974
930
445
394
491
669
951
565
742
634
262
985
505
196
668
753
798
767
389
722
267
278
905
523
873
798
701
726
243
880
824
766
891
995
729
265
526
466
446
702
435
680
626
617
787
699
598
864
947
1000
978
783
379
965
899
673
908
570
170
429
907
962
629
255
688
564
547
373
475
955
661
203
919
728
214
422
547
338
305
916
798
942
442
904
230
569
891
883
988
897
534
419
863
278
957
690
816
671
976
946
245
792
792
851
654
678
330
946
889
959
347
182
566
348
880
456
721
426
905
585
517
717
354
919
956
573
255
396
501
108
874
939
104
316
371
893
356
424
533
505
103
737
645
941
627
630
479
