1,1,-0.6500
2,1,0.9000
3,1,0.9000
4,1,0.2000
5,1,-0.3000
6,1,0.9500
7,1,0.4500
8,1,0.6000
9,2,0.9750
10,1,0.9500
11,5,0.7200
12,22,0.6773
13,10,0.8100
14,3,0.5833
15,4,0.8125
16,5,0.8600
17,4,0.8125
18,21,0.6595
19,3,0.9000
20,16,0.6531
21,1,0.9000
22,2,0.8750
23,13,0.8538
24,1,0.1000
25,31,0.5500
26,441,0.6178
27,43,0.6337
28,14,0.6536
29,34,0.6626
30,8,0.7312
31,1,0.9000
32,19,0.5158
33,3,0.7500
34,141,0.6574
35,31,0.4603
36,1,0.7000
37,7,0.4757
38,51,0.5335
39,1,0.6500
40,66,0.7326
41,2,0.8500
42,2,0.9250
43,67,0.7537
44,3,0.8000
45,105,0.7067
46,1,0.8500
47,1,0.2000
48,1,0.7500
49,25,0.6020
50,126,0.6750
51,2,0.8000
52,1,0.3500
53,110,0.6692
54,4,0.8125
55,3,0.8833
56,1,0.9500
57,46,0.7641
58,32,0.5344
59,1,0.4000
60,1,0.8500
61,1,-0.3000
62,1,0.8000
63,1,0.6500
64,1,0.9500
65,2,0.7750
66,1,0.2000
67,7,0.8857
68,1,0.7500
69,81,0.7537
70,3,0.4500
71,1,0.6000
72,51,0.6643
73,258,0.7052
74,1,0.6000
75,1,0.9000
76,9,0.7044
77,32,0.7172
78,2,0.9250
79,86,0.7674
80,24,0.7833
81,19,0.5268
82,2,0.4000
83,1,0.7000
84,1,1.0000
85,1,0.5600
86,1,0.9500
87,2,0.9000
88,3,0.8000
89,2,0.6000
90,3,0.7333
91,1,0.8500
92,5,0.6800
93,6,0.5083
94,1,0.1500
95,6,0.5300
96,2,0.6750
97,1,0.8000
98,1,0.8500
99,7,0.7071
100,1,0.8500
101,6,0.8417
102,1,0.8000
103,1,0.7500
104,1,0.9500
105,1,0.8000
106,1,1.0000
107,28,0.7268
108,3,0.8167
109,13,0.7192
110,1,-0.5000
111,1,0.6500
112,1,0.7000
113,3,0.5167
114,1,0.3500
115,1,-0.6500
116,1,1.0000
117,2,0.7250
118,1,0.5500
119,1,0.6500
120,1,0.7000
121,1,0.6500
122,6,0.7333
123,2,0.9000
124,1,0.7500
125,1,0.9000
126,3,0.2500
127,1,-0.1000
128,1,0.8000
129,1,1.0000
130,2,0.0750
131,1,0.3500
132,2,-0.0500
133,2,0.7250
134,2,0.6500
135,1,0.6500
136,2,0.8000
137,10,0.7900
138,1,0.9000
139,1,0.8000
140,7,0.8429
141,2,0.7250
142,6,0.8500
143,4,0.8375
144,1,0.6000
145,1,-0.6500
146,1,-0.6500
147,1,0.7000
148,2,0.4250
149,1,0.5500
150,1,0.9000
151,1,0.7000
152,1,0.7500
153,2,0.5600
154,4,0.6125
155,4,0.5750
156,1,1.0000
157,1,0.9500
158,2,0.8250
159,3,0.4833
160,2,-0.3250
161,1,-0.0500
162,1,0.9500
163,1,1.0000
164,3,0.6667
165,1,0.6500
166,1,0.0500
167,9,0.2822
168,1,0.9500
169,1,0.9500
170,2,0.6000
171,1,1.0000
172,1,0.5500
173,5,0.7600
174,1,0.0500
175,3,0.8000
176,1,0.7500
177,2,0.4750
178,1,0.5500
179,2,0.5750
180,1,0.5500
181,4,0.6500
182,1,1.0000
183,14,0.4043
184,2,0.7000
185,1,0.0500
186,1,1.0000
187,3,0.8833
188,1,0.5500
189,1,1.0000
190,7,0.6729
191,1,0.7000
192,2,0.5000
193,1,0.5500
194,1,0.6200
195,1,0.7000
196,2,0.3750
197,1,1.0000
198,1,0.9500
199,1,0.6900
200,1,0.4500
201,1,0.8000
202,13,0.6346
203,9,0.5500
204,1,0.8000
205,1,0.6000
206,1,0.8500
207,1,0.8500
208,7,0.6286
209,1,0.9000
210,2,0.6750
211,4,0.7750
212,1,0.4000
213,3,0.6500
214,1,1.0000
215,1,0.4500
216,2,0.8500
217,2,-0.3000
218,1,0.6700
219,5,0.4180
220,1,0.8500
221,1,0.1000
222,2,0.6750
223,5,0.6900
224,8,0.5000
225,2,0.7350
226,1,0.7500
227,2,0.0750
228,2,0.3350
229,1,0.5500
230,1,0.7000
231,3,0.7333
232,1,0.8000
233,1,0.9500
234,1,0.8000
235,3,0.6833
236,1,0.8000
237,1,0.8000
238,36,0.5597
239,4,0.7250
240,2,0.4250
241,11,0.7500
242,64,0.7688
243,2,0.9250
244,1,0.6700
245,6,0.7583
246,2,-0.0500
247,16,0.7844
248,22,0.7232
249,39,0.6656
250,2,0.7000
251,7,0.7071
252,1,0.9000
253,6,0.8500
254,1,0.9500
255,16,0.6750
256,3,0.8000
257,1,0.8500
258,18,0.5250
259,9,0.7600
260,4,0.7500
261,12,0.6083
262,1,0.7500
263,11,0.7273
264,1,0.7000
265,3,0.5000
266,45,0.7033
267,7,0.6929
268,1,0.6500
269,15,0.7033
270,1,0.7500
271,1,0.5500
272,2,0.8000
273,1,0.3000
274,2,0.4000
275,6,0.4500
276,2,0.7000
277,30,0.6683
278,3,0.8500
279,9,0.5944
280,4,0.7500
281,17,0.6559
282,49,0.7276
283,4,0.6750
284,16,0.7688
285,1,0.9500
286,2,0.8250
287,2,0.8250
288,2,0.7000
289,2,0.9500
290,3,0.6433
291,3,0.8833
292,5,0.1100
293,6,0.7250
294,6,0.6500
295,1,0.8500
296,26,0.7654
297,15,0.6633
298,1,0.8000
299,1,0.5500
300,4,0.5125
301,1,0.5500
302,1,0.7500
303,1,0.9500
304,1,0.9000
305,1,0.5000
306,22,0.6986
307,1,0.8000
308,3,0.4500
309,1,0.8000
310,10,0.8050
311,7,0.7071
312,3,0.6667
313,1,0.7500
314,2,0.8750
315,1,0.6500
316,4,0.8625
317,1,0.7500
318,1,0.8000
319,1,-0.1500
320,2,0.8250
321,1,0.4500
322,2,0.8500
323,2,0.7500
324,2,0.9500
325,1,0.6000
326,1,0.7500
327,4,0.8750
328,3,0.9000
329,2,0.8500
330,1,0.9000
331,1,0.2000
332,1,0.1500
333,25,0.7440
334,40,0.7388
335,1,0.8500
336,1,0.7500
337,17,0.7441
338,1,0.5500
339,5,0.8600
340,17,0.7882
341,1,0.8000
342,8,0.7750
343,2,0.9250
344,2,0.8000
345,3,0.2000
346,1,-0.0500
347,2,0.8000
348,172,0.5515
349,407,0.5713
350,2,0.8750
351,45,0.6433
352,1,0.6000
353,65,0.6138
354,3,0.7500
355,1,0.2500
356,22,0.4000
357,69,0.4949
358,2,0.8000
359,2,0.7000
360,2,0.8750
361,3,0.7500
362,10,0.6500
363,3,0.5167
364,7,0.5714
365,4,0.2750
366,20,0.6200
367,1,-0.2000
368,1,-0.2000
369,63,0.6246
370,1,0.9000
371,1,0.7500
372,249,0.6693
373,254,0.6386
374,1,0.9000
375,2,0.8750
376,3,0.7833
377,41,0.7037
378,1,0.9000
379,1,0.8500
380,4,0.5250
381,1,-0.2000
382,4,0.5500
383,1,-0.2000
384,1,-0.2000
385,1,0.9500
386,1,-0.2000
387,1,0.9000
388,1,0.9500
389,51,0.6676
390,142,0.6028
391,4,0.7000
392,21,0.6690
393,1,0.9000
394,29,0.6621
395,21,0.4738
396,1,0.6000
397,1,0.2500
398,1,0.2500
399,3,0.5667
400,1,0.5500
401,1,0.5500
402,1,0.5500
403,1,0.5500
404,1,0.5500
405,1,0.5500
406,1,0.5500
407,1,0.5500
408,1,0.5500
409,1,0.5500
410,1,0.5500
411,1,0.5500
412,1,0.5500
413,1,0.5500
414,1,0.0500
415,26,0.4481
416,115,0.7509
417,172,0.7360
418,1,0.1500
419,1,1.0000
420,80,0.7388
421,23,0.6522
422,39,0.4474
423,1,0.5500
424,83,0.7295
425,293,0.6981
426,1,0.8500
427,131,0.7496
428,1,0.1500
429,58,0.7000
430,1,0.8500
431,1,0.9000
432,6,0.6583
433,1,0.5500
434,8,0.7250
435,68,0.7029
436,82,0.7921
437,9,0.6833
438,1,0.8000
439,2,0.7000
440,1,0.8000
441,10,0.7500
442,3,0.7167
443,1,0.5500
444,1,0.5500
445,16,0.7750
446,2,0.7000
447,1,0.5500
448,1,0.5500
449,3,0.8000
450,2,0.7250
451,1,0.5500
452,1,-0.3000
453,1,-0.5000
454,1,0.8500
455,1,0.5500
456,4,0.8625
457,1,0.9000
458,1,0.9000
459,1,0.7000
460,2,0.9250
461,1,0.9000
462,3,0.6000
463,5,0.6500
464,2,0.7500
465,2,0.8250
466,1,0.3000
467,1,1.0000
468,2,0.2250
469,1,0.9500
470,1,-0.5500
471,1,0.9500
472,1,-0.5500
473,2,0.0000
474,1,0.7000
475,1,0.8000
476,1,0.9000
477,3,0.7833
478,11,0.7636
479,11,0.8545
480,3,0.8667
481,1,0.8000
482,1,0.9000
483,1,0.9000
484,1,0.9000
485,2,0.8500
486,1,0.9500
487,2,0.4750
488,7,0.4643
489,1,0.9500
490,3,0.1500
491,1,0.5500
492,3,0.3167
493,1,0.7500
494,1,0.8500
495,9,0.7033
496,4,0.6500
497,7,0.7957
498,1,0.5500
499,2,0.7700
500,2,0.0750
501,3,0.3800
502,1,0.6900
503,1,0.6900
504,3,0.8500
505,1,0.9000
506,3,0.8000
507,16,0.7625
508,11,0.8545
509,1,0.8000
510,1,0.9500
511,5,0.9300
512,3,0.9167
513,43,0.6942
514,1,0.9000
515,3,0.5167
516,82,0.7366
517,1,1.0000
518,2,0.3500
519,4,0.8000
520,2,0.8250
521,1,0.9500
522,1,0.6500
523,21,0.6338
524,13,0.8346
525,12,0.6042
526,1,0.4500
527,1,0.8500
528,1,0.9500
529,1,0.9500
530,1,0.5000
531,1,0.8500
532,1,1.0000
533,2,0.9250
534,20,0.7675
535,2,0.8000
536,5,0.6100
537,1,0.7000
538,2,0.1500
539,1,-0.1500
540,3,0.5333
541,4,0.8125
542,15,0.6233
543,25,0.7200
544,1,0.9000
545,9,0.7422
546,1,0.9000
547,4,0.6000
548,63,0.7087
549,1,0.9000
550,3,0.9333
551,1,0.9000
552,3,0.8333
553,30,0.8250
554,1,0.9000
555,2,0.4750
556,2,0.7000
557,1,0.9000
558,1,0.9500
559,5,0.6460
560,8,0.5875
561,4,0.7250
562,1,0.6500
563,1,0.8000
564,4,0.8625
565,1,0.8000
566,6,0.7333
567,3,0.7667
568,1,0.2500
569,1,0.6000
570,1,0.5500
571,2,0.9000
572,4,0.8500
573,1,0.4500
574,3,0.5333
575,1,0.9000
576,1,0.8000
577,1,0.8500
578,1,0.0500
579,28,0.6029
580,1,0.7500
581,7,0.4857
582,4,0.1950
583,1,0.8500
584,1,0.5000
585,3,0.9167
586,1,0.3000
587,2,0.4250
588,2,0.6650
589,8,0.8100
590,1,0.7000
591,6,0.2950
592,6,0.3100
593,2,0.0750
594,16,0.5969
595,5,0.6600
596,1,0.9000
597,4,0.3250
598,4,0.8125
599,1,0.4800
600,54,0.5272
601,1,0.8000
602,7,0.3714
603,1,0.9000
604,1,0.7000
605,1,-0.4000
606,1,0.8000
607,1,0.5000
608,2,0.9000
609,9,0.8222
610,1,0.9000
611,6,0.8083
612,3,0.2667
613,4,0.6500
614,3,0.8500
615,3,0.6700
616,2,0.8500
617,1,0.9000
618,3,0.9167
619,1,0.9500
620,1,0.2500
621,1,0.7500
622,2,0.8050
623,1,0.9500
624,1,-0.6500
625,1,0.3500
626,1,-0.6500
627,1,-0.6500
628,1,-0.6500
629,1,-0.6500
630,1,-0.6500
631,1,0.1000
632,2,-0.2750
633,1,-0.6500
634,1,-0.6500
635,1,-0.6500
636,1,-0.6500
637,2,0.9000
638,2,0.2750
639,13,0.7154
640,2,0.7750
641,1,0.1000
642,1,0.6000
643,1,0.1000
644,1,1.0000
645,1,0.8000
646,1,-0.5500
647,2,0.8250
648,1,0.8000
649,1,0.3500
650,4,0.0950
651,14,0.4786
652,1,-0.3500
653,1,-0.6000
654,2,0.8750
655,1,0.7000
656,2,0.6500
657,7,0.2486
658,1,0.2000
659,1,0.5000
660,10,0.6450
661,1,-0.1500
662,1,0.9000
663,1,0.7000
664,1,1.0000
665,4,0.7750
666,6,0.2833
667,3,0.8167
668,7,0.7357
669,7,0.2643
670,4,0.4475
671,4,0.5875
672,12,0.7792
673,1,-0.5500
674,1,1.0000
675,1,-0.2000
676,33,0.7924
677,33,0.7409
678,8,0.7062
679,5,0.9100
680,1,0.8500
681,1,0.8000
682,2,0.2250
683,1,0.7000
684,1,1.0000
685,1,0.7000
686,3,0.0000
687,1,0.3000
688,14,0.5850
689,3,0.3867
690,1,0.2000
691,1,0.4100
692,20,0.6825
693,1,0.3000
694,1,0.3000
695,1,0.2500
696,1,0.2000
697,1,0.9500
698,1,1.0000
699,1,0.8000
700,3,0.5133
701,13,0.7231
702,1,0.7000
703,7,0.7071
704,8,0.4862
705,16,0.4656
706,2,0.4750
707,5,0.5600
708,3,0.8000
709,12,0.7792
710,2,0.8000
711,1,-0.3000
712,1,-0.7000
713,2,0.1500
714,7,0.7143
715,9,0.6333
716,12,0.7050
717,13,0.4923
718,6,0.8583
719,1,0.7500
720,2,0.9000
721,1,-0.5500
722,1,0.9500
723,10,0.5800
724,1,0.3000
725,1,0.4500
726,1,0.5000
727,1,0.8500
728,1,0.6000
729,1,0.5000
730,4,0.4875
731,1,-0.4000
732,4,0.5675
733,1,0.6500
734,1,0.6500
735,1,0.2500
736,1,0.3500
737,7,0.5357
738,1,0.5800
739,1,0.7000
740,1,0.8000
741,9,0.5833
742,12,0.6417
743,1,0.1000
744,11,0.7591
745,11,0.4727
746,11,0.6545
747,1,0.7000
748,1,0.9000
749,1,0.4500
750,1,0.9000
751,1,0.5000
752,41,0.7659
753,28,0.7711
754,1,-0.4000
755,1,-0.4000
756,1,-0.4000
757,82,0.7127
758,61,0.6957
759,10,0.6250
760,10,0.5850
761,23,0.5261
762,12,0.6950
763,15,0.5333
764,10,0.5500
765,7,0.6929
766,13,0.7308
767,1,0.1000
768,1,0.7000
769,1,0.7000
770,1,-0.4500
771,2,0.7000
772,1,-0.0500
773,1,0.8500
774,2,0.1000
775,7,0.7357
776,1,0.6500
777,1,-0.3000
778,1,-0.4500
779,1,0.2500
780,16,0.7719
781,15,0.7233
782,9,0.6722
783,2,0.5750
784,2,0.6750
785,5,0.8600
786,1,0.6500
787,1,0.7500
788,1,0.5500
789,1,0.8500
790,1,0.8500
791,2,0.0250
792,1,0.8000
793,1,0.1500
794,1,0.7000
795,2,0.8500
796,4,0.5750
797,1,0.9500
798,4,0.5375
799,2,0.5250
800,1,0.9000
801,1,0.8500
802,3,0.5833
803,3,0.8500
804,3,0.7167
805,6,0.7417
806,3,0.8333
807,1,-0.4500
808,1,0.3500
809,1,0.0500
810,1,-0.1500
811,2,0.7450
812,3,0.3500
813,1,0.0200
814,3,0.0167
815,8,0.8250
816,1,0.6000
817,1,0.0000
818,2,0.6250
819,1,0.5000
820,1,-0.2000
821,6,0.6983
822,7,0.3357
823,1,-0.1500
824,1,-0.6000
825,1,0.3500
826,2,0.3500
827,1,0.8000
828,3,-0.0333
829,1,0.7000
830,1,0.6500
831,1,0.6500
832,1,0.8000
833,1,0.4500
834,7,0.5043
835,2,0.3000
836,5,0.6300
837,1,0.9500
838,2,0.7250
839,5,0.8300
840,10,0.7050
841,1,0.9500
842,1,1.0000
843,2,0.6500
844,1,0.7000
845,1,0.4500
846,1,0.6500
847,3,0.8167
848,1,0.8000
849,1,0.9000
850,1,0.7500
851,4,0.6000
852,5,0.8200
853,8,0.7000
854,1,0.9500
855,1,0.9000
856,1,-0.5500
857,2,0.7500
858,1,0.7000
859,1,0.6000
860,1,0.9500
861,2,0.7250
862,44,0.7648
863,5,0.8100
864,1,0.9500
865,1,0.6500
866,3,0.3000
867,1,0.8500
868,1,0.9500
869,1,0.8500
870,2,0.1250
871,2,0.1000
872,5,0.6300
873,1,1.0000
874,7,0.8143
875,1,0.1000
876,2,0.6250
877,1,0.1500
878,1,0.2500
879,1,0.8000
880,1,0.7500
881,1,0.2500
882,1,0.8500
883,5,0.7900
884,46,0.6443
885,1,0.6500
886,4,0.8750
887,14,0.5293
888,9,0.7389
889,1,0.6000
890,3,0.4500
891,1,0.9000
892,7,0.5500
893,1,-0.6000
894,5,0.7160
895,2,0.7500
896,1,0.8500
897,1,0.9000
898,1,1.0000
899,30,0.6233
900,51,0.7214
901,1,0.7000
902,26,0.5415
903,1,0.9500
904,1,0.8500
905,3,0.8833
906,1,0.5500
907,2,0.7500
908,1,0.8000
909,1,0.9000
910,3,0.8833
911,6,0.6583
912,1,0.7500
913,101,0.6778
914,3,0.6167
915,9,0.8356
916,1,0.9000
917,1,0.9000
918,1,0.9000
919,1,0.6600
920,5,0.5700
921,1,-0.9000
922,1,0.7000
923,1,0.5500
924,40,0.7362
925,66,0.7880
926,9,0.4667
927,2,-0.2500
928,1,0.8000
929,6,0.6333
930,3,0.8333
931,1,0.5500
932,15,0.4460
933,1,0.7500
934,2,0.7500
935,56,0.7080
936,5,0.7800
937,2,0.8000
938,1,0.9000
939,1,0.7000
940,1,0.6700
941,1,1.0000
942,2,0.7250
943,2,0.8500
944,1,0.8000
945,8,0.5500
946,3,0.8333
947,3,0.9000
948,10,0.7600
949,69,0.7036
950,9,0.7667
951,4,0.7000
952,1,0.2500
953,1,0.5500
954,5,-0.1900
955,1,0.5500
956,1,0.9500
957,2,0.7750
958,1,-0.5000
959,136,0.7376
960,1,0.8000
961,7,0.7214
962,1,-0.5000
963,2,-0.4000
964,9,0.5744
965,271,0.6573
966,2,0.5500
967,93,0.6849
968,1,0.7000
969,400,0.7036
970,19,0.6395
971,1,0.8000
972,1,0.9000
973,2,0.6500
974,5,0.8000
975,1,0.6500
976,1,-0.7500
977,7,0.4700
978,7,0.2829
979,1,0.5500
980,2,0.4250
981,2,0.3500
982,1,0.7000
983,5,0.3960
984,3,0.8800
985,1,0.6500
986,1,0.6500
987,1,0.8000
988,5,0.5400
989,197,0.6608
990,180,0.7474
991,1,0.7000
992,10,0.7800
993,3,0.8500
994,2,0.8000
995,1,-0.9000
996,2,0.5250
997,102,0.5458
998,361,0.6653
999,1,0.1000
1000,1,1.0000
1001,9,0.5100
1002,15,0.4420
1003,47,0.5477
1004,404,0.5552
1005,27,0.5241
1006,4,0.6800
1007,831,0.6718
1008,2,0.5500
1009,4,0.5125
1010,6,0.6500
1011,3,0.4433
1012,80,0.7519
1013,139,0.5622
1014,1,0.0500
1015,1,0.8500
1016,1,0.9500
1017,1,0.5500
1018,1,0.9000
1019,2,0.6250
1020,2,0.6750
1021,1,0.8000
1022,3,0.8167
1023,5,0.8600
1024,1,0.4500
1025,2,0.9250
1026,9,0.7722
1027,5,0.8300
1028,1,0.8000
1029,1,1.0000
1030,10,0.4000
1031,9,0.5722
1032,7,0.2571
1033,10,0.3450
1034,3,0.1500
1035,5,0.5800
1036,1,-0.1500
1037,1,0.6000
1038,12,0.4608
1039,3,0.7067
1040,20,0.6725
1041,1,0.9000
1042,3,0.4167
1043,2,0.7100
1044,42,0.7860
1045,11,0.5591
1046,56,0.7498
1047,1,0.6500
1048,7,0.6714
1049,3,0.7067
1050,1,0.9000
1051,4,0.5125
1052,1,0.8000
1053,8,0.7375
1054,1,0.7500
1055,4,0.5850
1056,9,0.4056
1057,7,0.4786
1058,2,0.7000
1059,66,0.7833
1060,1,0.9500
1061,53,0.7623
1062,56,0.7321
1063,1,0.7500
1064,54,0.7306
1065,37,0.7662
1066,1,0.8500
1067,44,0.8432
1068,1,0.7500
1069,2,0.8500
1070,17,0.7588
1071,5,0.6300
1072,35,0.7443
1073,32,0.6641
1074,1,-0.1000
1075,1,-0.1000
1076,17,0.6647
1077,4,0.4125
1078,1,0.7000
1079,1,-0.4000
1080,1,0.3500
1081,1,0.9000
1082,18,0.7528
1083,48,0.7687
1084,4,0.5500
1085,1,0.6000
1086,1,0.1500
1087,1,0.8500
1088,1,0.8500
1089,1,0.5000
1090,1,0.7000
1091,1,0.9000
1092,1,0.9000
1093,1,0.4000
1094,1,0.7000
1095,1,0.7000
1096,3,0.6000
1097,1,0.7000
1098,1,0.9000
1099,3,0.6167
1100,4,0.4875
1101,1,0.9000
1102,1,0.4100
1103,3,0.2833
1104,2,0.2750
1105,3,0.2500
1106,2,0.4750
1107,1,0.9000
1108,6,0.6167
1109,1,0.9000
1110,1,0.1000
1111,20,0.6700
1112,4,0.4750
1113,14,0.4964
1114,4,0.5875
1115,10,0.5110
1116,7,0.5714
1117,2,0.2750
1118,1,0.7000
1119,4,0.2875
1120,1,0.9000
1121,9,0.5733
1122,1,-0.4000
1123,3,0.3000
1124,1,0.0500
1125,1,0.7000
1126,3,0.3500
1127,1,0.0500
1128,2,0.0500
1129,1,0.7500
1130,1,0.9000
1131,4,0.5775
1132,1,0.6000
1133,1,0.4000
1134,3,0.8667
1135,1,0.7000
1136,1,0.6500
1137,1,0.8000
1138,2,0.9000
1139,1,0.7000
1140,1,0.9000
1141,2,0.8000
1142,1,0.9000
1143,1,0.7000
1144,1,0.9000
1145,1,0.6500
1146,1,0.8000
1147,1,-0.6500
1148,2,0.9000
1149,1,0.8500
1150,2,0.8750
1151,38,0.6132
1152,7,0.4714
1153,1,1.0000
1154,1,0.4500
1155,1,0.4500
1156,1,0.4500
1157,1,-0.6500
1158,2,-0.2750
1159,1,0.9000
1160,1,0.5000
1161,2,0.8500
1162,1,0.8500
1163,4,0.7375
1164,1,0.8500
1165,3,0.6167
1166,4,0.7875
1167,1,0.6500
1168,3,0.6167
1169,3,0.8167
1170,2,0.6500
1171,1,0.6000
1172,5,0.6500
1173,4,0.6875
1174,3,0.6500
1175,7,0.7500
1176,2,0.7750
1177,1,0.8000
1178,1,0.6500
1179,1,0.6000
1180,1,1.0000
1181,1,0.7500
1182,1,0.9000
1183,2,0.8500
1184,2,0.7250
1185,1,0.2000
1186,3,0.5333
1187,2,0.7000
1188,2,0.7250
1189,2,0.7000
1190,1,-0.6500
1191,3,0.7667
1192,5,0.6000
1193,4,0.8625
1194,6,0.8083
1195,2,0.7500
1196,6,0.7667
1197,1,0.7500
1198,1,0.8000
1199,1,0.9000
1200,1,0.6000
1201,1,0.8500
1202,2,0.5750
1203,1,-0.5000
1204,3,0.6333
1205,1,0.8000
1206,1,0.7000
1207,1,0.5000
1208,1,-0.6500
1209,1,0.8500
1210,2,0.6000
1211,1,-0.6500
1212,1,0.8500
1213,1,0.1000
1214,1,0.1000
1215,1,-0.6500
1216,2,0.6750
1217,1,-0.3000
1218,1,0.6500
1219,1,0.6000
1220,1,0.6000
1221,1,0.8000
1222,1,0.6000
1223,1,0.7500
1224,6,0.5250
1225,1,0.1500
1226,2,0.5250
1227,1,0.7000
1228,5,0.8100
1229,4,0.8375
1230,3,0.8333
1231,3,0.3333
1232,12,0.6283
1233,4,0.4375
1234,1,0.7500
1235,1,0.8500
1236,1,0.1000
1237,1,0.6000
1238,1,0.6000
1239,2,-0.0250
1240,3,0.3667
1241,1,-0.6500
1242,1,-0.6500
1243,1,-0.6500
1244,1,-0.8000
1245,1,-0.6500
1246,2,-0.0750
1247,1,0.1000
1248,1,0.8500
1249,1,-0.6500
1250,1,-0.6500
1251,1,-0.6500
1252,1,-0.6500
1253,5,0.7700
1254,1,0.9500
1255,1,0.9000
1256,1,0.9500
1257,1,0.9000
1258,1,-0.6500
1259,5,0.7400
1260,13,0.3877
1261,2,0.6250
1262,1,-0.0500
1263,2,0.7750
1264,1,0.6000
1265,1,0.8500
1266,1,0.9500
1267,8,0.5250
1268,1,-0.8000
1269,1,0.6500
1270,1,-0.6500
1271,3,-0.0333
1272,1,-0.3000
1273,2,0.2000
1274,1,0.8500
1275,1,-0.6500
1276,3,0.2500
1277,6,0.7250
1278,11,0.7545
1279,6,0.5083
1280,1,0.9000
1281,6,0.7417
1282,1,0.7500
1283,5,0.8000
1284,5,0.6800
1285,1,0.8000
1286,15,0.7367
1287,6,0.7167
1288,4,0.8300
1289,7,0.7929
1290,1,0.7000
1291,4,0.6875
1292,1,0.8000
1293,1,0.9500
1294,1,0.9500
1295,1,0.8500
1296,4,0.6500
1297,1,0.6500
1298,1,0.5000
1299,1,0.7500
1300,1,0.4500
1301,4,0.6875
1302,1,0.5500
1303,14,0.5393
1304,1,-0.6500
1305,1,0.2000
1306,1,0.7500
1307,1,0.4500
1308,2,0.8350
1309,1,1.0000
1310,4,0.5125
1311,4,0.3750
1312,3,-0.0667
1313,1,0.2500
1314,1,0.1100
1315,1,0.1000
1316,3,0.3667
1317,1,0.9000
1318,1,0.6000
1319,4,0.4900
1320,2,0.0750
1321,5,0.1900
1322,2,-0.6250
1323,1,0.6500
1324,3,0.8667
1325,6,0.7333
1326,1,0.6000
1327,1,0.6500
1328,1,0.5000
1329,2,0.9500
1330,1,0.8500
1331,1,0.7000
1332,7,0.7643
1333,29,0.7414
1334,25,0.7660
1335,20,0.7075
1336,1,0.8500
1337,9,0.7889
1338,19,0.7158
1339,25,0.7580
1340,30,0.6917
1341,4,0.7250
1342,17,0.7529
1343,2,0.6750
1344,1,0.8000
1345,1,-0.6500
1346,1,0.4000
1347,1,0.9500
1348,17,0.4059
1349,1,0.9000
1350,5,0.7600
1351,5,0.7600
1352,6,0.7583
1353,4,0.7500
1354,11,0.7773
1355,1,0.8500
1356,3,0.8333
1357,1,0.8000
1358,13,0.7846
1359,5,0.5400
1360,5,0.6700
1361,1,0.9000
1362,8,0.8500
1363,1,0.4500
1364,1,-0.1000
1365,1,-0.6500
1366,1,0.9000
1367,1,0.9000
1368,3,0.0333
1369,1,0.7000
1370,2,0.4500
1371,1,0.8500
1372,2,0.3750
1373,7,0.4429
1374,1,-0.5500
1375,4,-0.0750
1376,1,-0.6500
1377,1,-0.6500
1378,1,-0.6500
1379,19,0.6447
1380,20,0.7775
1381,6,0.7583
1382,162,0.7099
1383,1,0.6000
1384,239,0.6933
1385,3,0.8667
1386,1,0.7000
1387,1,0.9500
1388,2,0.8500
1389,12,0.7667
1390,11,0.7545
1391,3,0.4167
1392,4,0.7625
1393,3,0.5833
1394,12,0.6667
1395,11,0.6364
1396,1,0.5000
1397,33,0.5621
1398,23,0.4717
1399,119,0.6403
1400,88,0.7068
1401,119,0.5975
1402,1,0.4500
1403,73,0.6425
1404,1,-0.6500
1405,1,0.7500
1406,11,0.8064
1407,131,0.6647
1408,38,0.5587
1409,10,0.6470
1410,58,0.6859
1411,92,0.6673
1412,14,0.7000
1413,2,-0.1000
1414,3,0.4333
1415,6,0.6750
1416,1,0.6700
1417,14,0.7000
1418,10,0.6800
1419,5,0.6300
1420,1,-0.6500
1421,16,0.3688
1422,26,0.6877
1423,1,-0.6500
1424,1,0.6000
1425,3,-0.6833
1426,1,0.6000
1427,6,0.2667
1428,1,0.2000
1429,1,0.6000
1430,1,-0.6500
1431,1,0.9000
1432,1,0.9000
1433,3,0.2500
1434,1,0.6000
1435,7,0.2286
1436,4,0.0500
1437,6,0.7000
1438,1,0.8500
1439,22,0.7205
1440,10,0.7500
1441,7,0.7643
1442,19,0.7289
1443,13,0.7077
1444,13,0.5423
1445,1,0.2500
1446,1,0.7000
1447,3,0.7000
1448,9,0.3889
1449,2,0.8750
1450,1,1.0000
1451,1,0.8000
1452,105,0.6195
1453,3,0.4000
1454,2,0.6250
1455,1,0.5000
1456,3,0.5833
1457,10,0.5400
1458,1,0.9500
1459,5,0.7200
1460,39,0.5674
1461,1,0.3500
1462,1,0.4500
1463,39,0.6515
1464,79,0.6454
1465,155,0.6939
1466,178,0.6737
1467,26,0.7058
1468,54,0.6415
1469,73,0.6825
1470,3,0.7667
1471,1,0.6600
1472,1,0.6000
1473,6,0.7917
1474,4,0.6125
1475,1,0.6500
1476,8,0.7625
1477,34,0.6118
1478,1,0.5500
1479,2,0.9000
1480,2,0.8000
1481,2,0.6750
1482,2,0.8750
1483,1,0.5500
1484,11,0.6409
1485,1,-0.6500
1486,1,-0.6500
1487,1,0.4500
1488,79,0.7462
1489,2,0.8000
1490,2,0.7250
1491,1,0.7500
1492,2,0.8250
1493,2,0.3750
1494,1,-0.0500
1495,68,0.6669
1496,1,0.6000
1497,2,0.9000
1498,9,0.8056
1499,2,0.9500
1500,3,0.8167
1501,3,0.8333
1502,1,0.6000
1503,3,0.7667
1504,1,0.6000
1505,1,1.0000
1506,4,0.8375
1507,4,0.7000
1508,4,0.6625
1509,2,0.5250
1510,2,0.7250
1511,1,0.4500
1512,2,0.6250
1513,1,0.9000
1514,2,0.9250
1515,1,0.7500
1516,1,0.7500
1517,2,0.5500
1518,1,0.7000
1519,31,0.7352
1520,13,0.6769
1521,1,1.0000
1522,1,0.6000
1523,1,0.7000
1524,1,0.8500
1525,4,0.7250
1526,24,0.7104
1527,1,1.0000
1528,20,0.7275
1529,1,0.8500
1530,6,0.7500
1531,1,0.4500
1532,47,0.7521
1533,1,0.8500
1534,1,0.9000
1535,2,0.7250
1536,1,1.0000
1537,3,0.4500
1538,3,0.7333
1539,1,1.0000
1540,3,0.7667
1541,13,0.7500
1542,1,-0.6500
1543,5,0.0200
1544,1,-0.0500
1545,2,0.6000
1546,1,0.8500
1547,1,0.0000
1548,14,0.2757
1549,1,0.0000
1550,1,0.7000
1551,1,-0.6500
1552,3,0.2933
1553,2,-0.1750
1554,1,-0.6500
1555,1,-0.6500
1556,7,0.1857
1557,1,-0.6500
1558,1,0.7500
1559,3,0.4167
1560,1,-0.3500
1561,107,0.7354
1562,4,0.7400
1563,8,0.6062
1564,74,0.7270
1565,6,0.5583
1566,213,0.7157
1567,152,0.6932
1568,119,0.7097
1569,2,0.6350
1570,3,0.9500
1571,2,0.3750
1572,4,0.6875
1573,6,0.6833
1574,1,0.6800
1575,1,0.1500
1576,331,0.7216
1577,1,0.5000
1578,4,0.7150
1579,212,0.7203
1580,1,0.6000
1581,1,0.8500
1582,220,0.7251
1583,1,0.6800
1584,2,0.6750
1585,16,0.5219
1586,3,0.9167
1587,8,0.5350
1588,17,0.5941
1589,10,0.7350
1590,14,0.4307
1591,34,0.5694
1592,3,0.5167
1593,275,0.7160
1594,1,0.1500
1595,1,0.5000
1596,140,0.6988
1597,11,0.5318
1598,1,0.9000
1599,1,0.6800
1600,1,0.6800
1601,93,0.7204
1602,3,0.7333
1603,181,0.7042
1604,1,0.8500
1605,1,1.0000
1606,145,0.7097
1607,1,-0.2500
1608,1,0.6000
1609,1,0.9500
1610,275,0.6909
1611,1,0.1000
1612,1,0.9000
1613,1,0.5500
1614,1,1.0000
1615,1,0.5500
1616,1,0.7000
1617,1,0.6000
1618,218,0.6772
1619,1,0.2500
1620,1,0.8500
1621,147,0.6823
1622,8,0.7188
1623,28,0.6893
1624,1,0.9000
1625,1,0.6500
1626,1,0.8500
1627,1,-0.8000
1628,1,0.9000
1629,1,0.8000
1630,2,0.9250
1631,1,1.0000
1632,151,0.6551
1633,168,0.6714
1634,2,0.8750
1635,1,0.7500
1636,2,0.7500
1637,193,0.6661
1638,3,0.8333
1639,173,0.6717
1640,12,0.7417
1641,1,0.8000
1642,20,0.6450
1643,6,0.6917
1644,33,0.6667
1645,1,0.9500
1646,14,0.7286
1647,3,0.8833
1648,1,0.8500
1649,5,0.6600
1650,43,0.6253
1651,7,0.6643
1652,3,0.3667
1653,6,0.6417
1654,96,0.6026
1655,5,0.2100
1656,8,0.5688
1657,7,0.6357
1658,1,0.5800
1659,52,0.6477
1660,1,-0.6500
1661,1,0.5000
1662,2,0.8500
1663,2,0.6750
1664,1,-0.8000
1665,1,0.1000
1666,9,0.6222
1667,3,0.6500
1668,1,0.6500
1669,1,0.6500
1670,2,0.9000
1671,2,0.7750
1672,4,0.8000
1673,4,0.7125
1674,1,1.0000
1675,1,0.8000
1676,1,0.1500
1677,1,0.4500
1678,5,0.6700
1679,6,0.7667
1680,10,0.7200
1681,6,0.7917
1682,1,0.9000
1683,271,0.5972
1684,165,0.6290
1685,2,0.6000
1686,6,0.6833
1687,3,0.7500
1688,282,0.6573
1689,5,0.7200
1690,10,0.5000
1691,5,0.7500
1692,220,0.6805
1693,2,0.5000
1694,693,0.6306
1695,679,0.6178
1696,7,0.8214
1697,1,0.8500
1698,786,0.6519
1699,3,0.6000
1700,633,0.6498
1701,84,0.5581
1702,558,0.6346
1703,599,0.6569
1704,74,0.6426
1705,1,0.1000
1706,1,0.8500
1707,3,0.6667
1708,1,0.8500
1709,7,0.7000
1710,9,0.7111
1711,8,0.7688
1712,6,0.6417
1713,15,0.7167
1714,1,0.8000
1715,1,0.1000
1716,1,-0.6500
1717,1,-0.0500
1718,10,0.4250
1719,31,0.6071
1720,19,0.6379
1721,1,-0.6500
1722,3,0.8500
1723,9,0.6444
1724,9,0.4944
1725,7,0.5986
1726,3,0.4333
1727,1,0.5000
1728,3,0.7167
1729,18,0.6889
1730,19,0.6789
1731,1,0.6000
1732,6,0.3750
1733,2,0.7750
1734,1,0.4000
1735,1,0.0000
1736,25,0.4896
1737,1,0.9000
1738,1,0.2000
1739,1,-0.6500
1740,1,-0.6500
1741,1,-0.6500
1742,1,-0.1500
1743,3,0.3000
1744,1,0.5000
1745,3,0.4667
1746,2,0.7750
1747,1,0.5500
1748,2,0.6000
1749,3,0.2267
1750,184,0.6481
1751,8,0.6000
1752,3,0.3833
1753,3,0.7500
1754,92,0.6402
1755,1,0.3000
1756,111,0.6144
1757,100,0.6575
1758,216,0.6366
1759,5,0.3600
1760,255,0.6663
1761,13,0.4308
1762,743,0.6378
1763,7,0.7214
1764,6,0.5000
1765,1095,0.6168
1766,3,0.7833
1767,50,0.6660
1768,79,0.5918
1769,110,0.6205
1770,1,-0.6500
1771,1,-0.6500
1772,1,-0.0500
1773,10,0.4550
1774,1,0.9500
1775,3,0.0500
1776,1,-0.5000
1777,1,0.9000
1778,2,0.5950
1779,9,0.2211
1780,1,-0.6500
1781,1,0.7000
1782,1,0.1000
1783,1,-0.6500
1784,1,0.6000
1785,26,0.4927
1786,3,0.7233
1787,1,0.7000
1788,12,0.4617
1789,2,0.6250
1790,1,0.8500
1791,2,0.5750
1792,1,0.8500
1793,1,-0.6500
1794,1,-0.6000
1795,1,-0.6000
1796,1,0.3500
1797,1,0.3500
1798,1,-0.6500
1799,1,-0.6500
1800,1,-0.6500
1801,1,-0.6500
1802,1,-0.1500
1803,1,0.3500
1804,1,0.4000
1805,1,0.4500
1806,1,0.2000
1807,1,0.4500
1808,1,0.9000
1809,1,0.6500
1810,1,0.2500
1811,3,0.8000
1812,2,0.0500
1813,2,0.7000
1814,4,0.5875
1815,2,0.6750
1816,1,0.8000
1817,2,0.9000
1818,1,0.9500
1819,115,0.6846
1820,167,0.7170
1821,5,0.6800
1822,1,0.1000
1823,1,0.4500
1824,176,0.6996
1825,2,0.7500
1826,1,0.5500
1827,6,0.8583
1828,79,0.6849
1829,1,0.6800
1830,1,0.7000
1831,5,0.6900
1832,6,0.5417
1833,1,0.7000
1834,140,0.6459
1835,2,0.5500
1836,1,0.5000
1837,7,0.6643
1838,1,0.8000
1839,23,0.7261
1840,1,0.5500
1841,3,0.6833
1842,1,0.9000
1843,13,0.7654
1844,10,0.7430
1845,2,-0.0250
1846,2,-0.2750
1847,1,-0.6500
1848,1,0.9000
1849,2,0.4500
1850,1,0.6500
1851,1,0.9000
1852,1,0.6000
1853,1,-0.6500
1854,2,0.8250
1855,1,0.8000
1856,1,0.7400
1857,4,0.6875
1858,1,-0.6500
1859,1,0.6000
1860,1,0.8500
1861,1,0.9500
1862,6,0.7333
1863,4,0.5750
1864,1,0.7000
1865,3,0.4000
1866,1,0.5000
1867,4,0.5750
1868,1,-0.0500
1869,1,0.9000
1870,1,0.8500
1871,1,0.4500
1872,2,0.8000
1873,1,0.5500
1874,1,0.9000
1875,1,0.7000
1876,2,0.3250
1877,1,0.7100
1878,1,0.7000
1879,2,0.5750
1880,4,0.7150
1881,2,0.7000
1882,3,0.7567
1883,8,0.7262
1884,10,0.7190
1885,6,0.5583
1886,9,0.5944
1887,4,0.5625
1888,26,0.7058
1889,6,0.6167
1890,20,0.7600
1891,5,0.5500
1892,3,0.6833
1893,1,0.8000
1894,1,0.8000
1895,2,0.9000
1896,1,0.8000
1897,1,-0.1500
1898,1,0.4000
1899,1,0.7000
1900,1,0.3300
1901,5,0.2200
1902,5,0.2900
1903,2,0.7250
1904,1,-0.1000
1905,3,0.8000
1906,1,-0.0500
1907,2,0.8750
1908,2,0.5750
1909,1,0.4700
1910,1,0.8500
1911,2,0.6600
1912,1,0.5000
1913,2,0.5600
1914,1,0.7500
1915,1,0.6500
1916,4,0.1250
1917,1,0.7000
1918,1,0.4500
1919,1,-0.6500
1920,1,0.9000
1921,6,0.6500
1922,1,0.9000
1923,1,-0.3000
1924,1,-0.6500
1925,2,0.3250
1926,1,0.1000
1927,1,0.8500
1928,1,0.6500
1929,1,0.6500
1930,2,0.6550
1931,6,0.2833
1932,1,0.1000
1933,1,0.2700
1934,6,0.4083
1935,1,0.1000
1936,1,-0.6500
1937,1,0.5000
1938,1,0.1000
1939,1,0.5000
1940,20,0.4500
1941,1,-0.6500
1942,41,0.5146
1943,4,0.6625
1944,5,0.4640
1945,10,0.6080
1946,1,-0.6500
1947,2,0.5000
1948,9,0.4111
1949,23,0.5943
1950,1,0.7000
1951,9,0.7333
1952,1,1.0000
1953,1,-0.4500
1954,3,0.5067
1955,2,0.6500
1956,1,0.8000
1957,2,0.0500
1958,4,0.2875
1959,1,0.7500
1960,1,0.9000
1961,1,0.6500
1962,1,0.7500
1963,2,0.6500
1964,4,0.7500
1965,1,0.6000
1966,1,0.6500
1967,1,0.8000
1968,1,0.8000
1969,8,0.5650
1970,4,0.4500
1971,2,0.7750
1972,2,0.6250
1973,41,0.5366
1974,1,0.3000
1975,1,0.6000
1976,2,0.1000
1977,2,0.9500
1978,1,1.0000
1979,8,0.8438
1980,5,0.8900
1981,1,0.9000
1982,1,0.9000
1983,4,0.6000
1984,1,0.9000
1985,2,0.3250
1986,2,-0.4000
1987,1,-0.1500
1988,1,0.8500
1989,1,-0.5000
1990,1,-0.2500
1991,2,0.5500
1992,1,0.4000
1993,1,0.6000
1994,5,-0.0800
1995,1,0.1000
1996,3,0.5000
1997,1,1.0000
1998,10,0.6850
1999,1,0.5500
2000,17,0.5765
2001,1,0.6500
2002,1,0.7000
2003,8,0.6362
2004,1,0.9500
2005,1,0.8000
2006,1,1.0000
2007,8,0.8000
2008,1,1.0000
2009,19,0.7379
2010,1,0.9000
2011,1,0.7000
2012,1,-0.1500
2013,5,0.3960
2014,2,0.7000
2015,1,0.4000
2016,1,0.6000
2017,2,0.9250
2018,1,1.0000
2019,5,0.8900
2020,4,0.9625
2021,1,0.0500
2022,7,0.8571
2023,17,0.4953
2024,17,0.6812
2025,1,0.1000
2026,1,0.9000
2027,13,0.8462
2028,1,0.7500
2029,1,0.6000
2030,1,0.7000
2031,1,-0.1000
2032,1,0.3000
2033,2,0.3500
2034,1,0.1000
2035,1,0.1000
2036,2,0.5750
2037,6,0.7917
2038,1,0.3000
2039,2,0.9000
2040,2,1.0000
2041,8,0.7500
2042,3,0.9333
2043,1,1.0000
2044,1,1.0000
2045,13,0.6654
2046,1,1.0000
2047,2,0.2500
2048,6,0.7000
2049,1,0.4500
2050,20,0.7725
2051,4,0.8625
2052,1,0.9000
2053,2,1.0000
2054,5,0.7800
2055,6,0.9083
2056,1,0.9500
2057,1,1.0000
2058,1,1.0000
2059,6,0.9167
2060,3,0.7167
2061,1,1.0000
2062,8,0.7375
2063,4,0.8500
2064,1,1.0000
2065,2,0.4750
2066,1,1.0000
2067,7,0.6143
2068,1,0.7000
2069,1,0.4000
2070,1,0.4500
2071,10,0.7450
2072,1,0.6500
2073,5,0.6500
2074,7,0.6429
2075,1,0.4000
2076,1,0.8500
2077,3,0.5833
2078,11,0.6318
2079,6,0.5667
2080,9,0.7722
2081,1,0.8500
2082,13,0.7692
2083,2,0.7500
2084,12,0.7583
2085,11,0.5682
2086,2,0.5000
2087,19,0.5916
2088,6,0.6583
2089,28,0.6054
2090,13,0.7692
2091,1,0.6000
2092,2,-0.0250
2093,2,-0.2500
2094,1,-0.6500
2095,1,-0.6500
2096,1,0.1500
2097,1,-0.6500
2098,1,0.1000
2099,1,0.6000
2100,2,-0.1250
2101,1,0.2500
2102,1,0.1000
2103,2,0.9750
2104,1,0.3500
2105,6,0.7750
2106,1,0.7500
2107,2,0.5250
2108,7,0.6714
2109,68,0.5963
2110,619,0.6605
2111,1258,0.6477
2112,3,0.1833
2113,1,0.7500
2114,1,0.7500
2115,193,0.6580
2116,321,0.6863
2117,1,0.7000
2118,23,0.7000
2119,102,0.6275
2120,4,0.8375
2121,819,0.6504
2122,1,0.8500
2123,1,-0.6500
2124,250,0.7202
2125,73,0.7000
2126,7,0.6371
2127,7,0.7714
2128,16,0.6812
2129,2,0.5000
2130,1,0.6000
2131,5,0.5700
2132,1,0.9000
2133,71,0.7387
2134,2,0.7500
2135,62,0.6797
2136,408,0.7304
2137,1,0.7500
2138,7,0.7714
2139,278,0.7151
2140,262,0.7263
2141,70,0.7614
2142,1,0.6000
2143,99,0.7566
2144,247,0.7135
2145,6,0.7583
2146,8,0.4938
2147,1,0.7000
2148,1,0.7500
2149,1,0.9000
2150,1,0.8000
2151,1,0.9000
2152,1,0.6000
2153,9,0.6444
2154,2,0.9750
2155,32,0.7359
2156,20,0.7800
2157,4,0.7750
2158,1,0.6000
2159,11,0.6773
2160,10,0.7300
2161,14,0.7821
2162,1,0.8500
2163,32,0.7406
2164,18,0.7333
2165,1,0.8500
2166,4,0.8125
2167,1,0.9500
2168,2,0.7250
2169,5,0.8100
2170,3,0.7667
2171,5,0.8400
2172,6,0.8417
2173,1,0.3000
2174,1,0.7000
2175,5,0.8600
2176,20,0.7625
2177,1,1.0000
2178,9,0.8167
2179,1,0.4500
2180,27,0.6056
2181,27,0.6333
2182,1,0.7000
2183,20,0.6900
2184,14,0.5643
2185,32,0.5516
2186,3,0.7500
2187,3,0.7833
2188,3,0.8433
2189,4,0.8500
2190,1,0.9000
2191,7,0.8614
2192,26,0.7658
2193,39,0.6462
2194,1,0.8500
2195,1,0.9000
2196,1,0.9000
2197,2,0.3750
2198,1,0.6000
2199,1,0.1000
2200,1,0.6500
2201,1,0.4000
2202,1,0.9000
2203,1,0.3500
2204,1,0.6500
2205,1,1.0000
2206,198,0.7021
2207,13,0.7615
2208,3,0.7500
2209,1,0.9000
2210,685,0.6792
2211,1,0.7000
2212,1,0.9000
2213,1,0.1700
2214,1,0.7000
2215,1,0.1700
2216,42,0.6231
2217,1,0.5500
2218,2,0.6000
2219,261,0.6799
2220,1,0.8500
2221,1,0.4000
2222,1,0.7500
2223,1,0.5500
2224,2,0.3500
2225,1,0.0500
2226,8,0.6812
2227,684,0.6665
2228,1,0.8000
2229,2,0.3500
2230,2,0.7250
2231,1,-0.6000
2232,2,0.5100
2233,1,-0.6000
2234,612,0.6768
2235,1,-0.7000
2236,3,0.1700
2237,1,0.1700
2238,1,0.1700
2239,1,1.0000
2240,2,0.1700
2241,46,0.6326
2242,1,0.8000
2243,1,-0.1500
2244,2,0.6750
2245,1,0.9000
2246,1,0.9000
2247,1,0.0000
2248,1,0.4000
2249,1,0.1000
2250,1,0.4000
2251,1,0.9000
2252,8,0.7688
2253,1,0.9000
2254,1,0.3000
2255,1,0.0000
2256,1,0.5500
2257,1,0.8000
2258,270,0.6312
2259,1,0.8000
2260,1,0.7500
2261,6,0.4917
2262,1,0.8000
2263,10,0.6750
2264,1,0.4000
2265,718,0.6483
2266,1,0.8000
2267,4,0.1300
2268,1,0.1300
2269,5,0.7900
2270,1,0.7000
2271,1,0.7500
2272,120,0.6617
2273,1,0.1000
2274,105,0.6465
2275,1,0.8000
2276,2,0.5500
2277,3,0.8500
2278,368,0.6238
2279,2,0.7250
2280,1,0.7000
2281,14,0.5607
2282,779,0.6290
2283,12,0.4817
2284,2,0.1300
2285,1,0.1300
2286,11,0.6636
2287,2,0.7000
2288,1,0.1300
2289,621,0.6244
2290,9,0.4500
2291,1,0.1300
2292,4,0.5250
2293,1,0.6000
2294,1,0.1300
2295,1,0.6000
2296,1,0.9000
2297,1,0.6000
2298,1,0.6000
2299,5,0.5200
2300,1,0.4000
2301,1,0.9000
2302,1,-0.6500
2303,2,-0.1500
2304,1,0.4000
2305,1,0.4000
2306,1,0.6000
2307,28,0.6543
2308,9,0.6389
2309,3,0.2833
2310,2,0.8500
2311,2,0.7000
2312,1,0.5000
2313,13,0.7185
2314,31,0.5916
2315,2,0.6000
2316,39,0.6690
2317,4,0.8250
2318,26,0.5404
2319,12,0.6267
2320,11,0.7545
2321,10,0.6740
2322,1,0.9500
2323,3,0.1333
2324,1,0.4500
2325,1,0.5000
2326,3,0.7333
2327,1,-0.5000
2328,1,0.5500
2329,2,-0.0750
2330,1,-0.1000
2331,5,0.8100
2332,4,0.5875
2333,1,0.8500
2334,3,0.2333
2335,4,0.4750
2336,3,0.2500
2337,30,0.6253
2338,3,0.8500
2339,9,0.6944
2340,8,0.8000
2341,2,0.9000
2342,6,0.6250
2343,34,0.7500
2344,8,0.7312
2345,1,0.6500
2346,1,-0.2500
2347,1,0.8000
2348,1,0.5500
2349,1,0.6000
2350,1,0.1000
2351,2,0.2750
2352,3,-0.1333
2353,1,0.6000
2354,1,0.7500
2355,16,0.7344
2356,14,0.7086
2357,21,0.7595
2358,1,0.8500
2359,5,0.4600
2360,1,0.5500
2361,9,0.6167
2362,6,0.3833
2363,3,0.6633
2364,3,0.8233
2365,1,0.7200
2366,2,0.9000
2367,3,0.6833
2368,2,0.6500
2369,1,0.8000
2370,4,0.6250
2371,2,0.7250
2372,135,0.6707
2373,242,0.6918
2374,1,-0.5000
2375,142,0.6904
2376,2,0.5000
2377,3,0.7500
2378,303,0.6907
2379,1,0.0500
2380,2,-0.6750
2381,1,0.2500
2382,7,0.7386
2383,8,0.8000
2384,3,0.4133
2385,6,0.7500
2386,54,0.7154
2387,92,0.7277
2388,69,0.6819
2389,9,0.5578
2390,9,0.2467
2391,1,-0.6500
2392,2,0.1750
2393,3,0.7200
2394,40,0.7205
2395,8,0.5500
2396,1,0.1000
2397,1,-0.6500
2398,19,0.6895
2399,2,0.8500
2400,1,0.8000
2401,1,0.6500
2402,14,0.6357
2403,35,0.7300
2404,1,0.8500
2405,2,0.0250
2406,1,-0.6500
2407,1,-0.6500
2408,2,0.4750
2409,1,0.1500
2410,1,0.1500
2411,82,0.6017
2412,1,0.5500
2413,55,0.5849
2414,1,0.8000
2415,1,0.6000
2416,5,0.6600
2417,4,0.7625
2418,3,0.8000
2419,1,-0.0500
2420,1,0.0000
2421,1,0.4500
2422,1,0.9000
2423,3,0.6333
2424,6,0.3250
2425,1,0.9500
2426,29,0.4690
2427,1,0.6500
2428,28,0.5143
2429,1,0.9500
2430,1,0.1000
2431,1,0.5500
2432,26,0.3827
2433,1,0.8500
2434,28,0.6804
2435,25,0.6280
2436,41,0.6183
2437,41,0.5780
2438,83,0.6090
2439,2,0.0250
2440,3,0.7500
2441,4,0.6625
2442,9,0.5667
2443,8,0.5312
2444,38,0.7276
2445,1,0.6500
2446,13,0.6654
2447,30,0.6200
2448,1,0.8500
2449,1,0.4500
2450,1,0.9000
2451,2,0.6250
2452,1,0.5000
2453,1,0.8500
2454,2,0.9000
2455,3,0.8000
2456,8,0.7812
2457,1,0.9500
2458,3,0.8167
2459,2,0.8750
2460,1,0.8000
2461,1,0.7500
2462,1,0.9000
2463,3,0.7000
2464,1,0.7000
2465,5,0.8400
2466,1,0.7500
2467,4,0.8000
2468,3,0.8833
2469,14,0.7036
2470,9,0.7167
2471,15,0.7333
2472,3,0.7833
2473,4,0.7750
2474,1,0.9000
2475,1,0.7500
2476,6,0.7667
2477,12,0.7750
2478,50,0.6890
2479,1,0.1000
2480,42,0.6869
2481,55,0.6927
2482,1,-0.6500
2483,3,-0.1500
2484,1,-0.6500
2485,1,0.3500
2486,1,0.0500
2487,194,0.7206
2488,125,0.7039
2489,38,0.6168
2490,289,0.7155
2491,92,0.6902
2492,229,0.7091
2493,1,0.8000
2494,7,0.6143
2495,2,0.7000
2496,9,0.4111
2497,8,0.7625
2498,1,0.6900
2499,2,0.8250
2500,14,0.6964
2501,129,0.6864
2502,2,0.4250
2503,174,0.6829
2504,4,0.7075
2505,5,0.6300
2506,1,0.9500
2507,1,1.0000
2508,372,0.7212
2509,2,0.5750
2510,2,0.6500
2511,1,0.6900
2512,1,0.7500
2513,1,0.9000
2514,1,0.9500
2515,25,0.6672
2516,10,0.7200
2517,189,0.6938
2518,283,0.6746
2519,27,0.6978
2520,24,0.7208
2521,94,0.6649
2522,126,0.6468
2523,2,0.7500
2524,1,0.7500
2525,17,0.7294
2526,126,0.6508
2527,292,0.6615
2528,17,0.8000
2529,2,0.0750
2530,21,0.7119
2531,49,0.6592
2532,1,-0.8000
2533,77,0.6366
2534,2,0.7750
2535,1,0.8500
2536,1,0.7000
2537,2,0.4000
2538,4,0.4500
2539,6,0.7333
2540,5,0.6100
2541,33,0.7167
2542,1,0.7500
2543,29,0.7448
2544,2,0.8000
2545,9,0.8222
2546,1,0.5500
2547,1,0.9000
2548,6,0.8583
2549,1,0.6500
2550,3,0.6000
2551,1,0.8500
2552,8,0.7312
2553,1,0.8500
2554,3,0.7167
2555,5,0.7500
2556,6,0.7083
2557,6,0.8500
2558,3,0.6333
2559,8,0.7125
2560,2,0.7500
2561,3,0.7167
2562,2,0.7250
2563,2,0.8250
2564,2,0.8500
2565,1,0.4500
2566,3,0.6500
2567,4,0.7150
2568,2,0.6000
2569,1,0.9000
2570,1,0.9000
2571,2,0.7250
2572,1,0.7000
2573,3,0.7333
2574,1,0.8000
2575,9,0.8222
2576,1,0.9000
2577,1,0.9500
2578,5,0.7600
2579,4,0.7375
2580,1,0.9500
2581,4,0.7250
2582,1,0.7000
2583,1,0.8000
2584,7,0.6214
2585,2,0.7750
2586,5,0.7000
2587,3,0.8667
2588,3,0.7500
2589,1,0.9500
2590,5,0.6900
2591,3,0.8167
2592,2,0.7000
2593,3,0.7833
2594,4,0.6375
2595,1,0.6500
2596,1,-0.1500
2597,1,0.7000
2598,1,0.9000
2599,3,0.4667
2600,10,0.7530
2601,19,0.8211
2602,25,0.8260
2603,3,0.7500
2604,104,0.7784
2605,5,0.7200
2606,75,0.7773
2607,14,0.7964
2608,7,0.7714
2609,114,0.7855
2610,5,0.6700
2611,16,0.8281
2612,2,0.8500
2613,3,0.1167
2614,10,0.8250
2615,19,0.7921
2616,9,0.7722
2617,2,0.6250
2618,9,0.8056
2619,1,0.8000
2620,1,0.9000
2621,1,0.8000
2622,1,0.9500
2623,1,0.7500
2624,8,0.7000
2625,8,0.8588
2626,1,0.9000
2627,8,0.7475
2628,4,0.9000
2629,55,0.7436
2630,1,0.9500
2631,52,0.7250
2632,1,0.9000
2633,104,0.7702
2634,1,0.9000
2635,17,0.7235
2636,4,0.6750
2637,3,0.7333
2638,1,0.8500
2639,1,0.9500
2640,1,0.4500
2641,9,0.6500
2642,1,0.5000
2643,1,0.5000
2644,1,0.7000
2645,2,0.9250
2646,32,0.7891
2647,36,0.7875
2648,3,0.8833
2649,7,0.8286
2650,11,0.6273
2651,44,0.7909
2652,4,0.8750
2653,1,0.8500
2654,12,0.7667
2655,29,0.6966
2656,69,0.7812
2657,34,0.7503
2658,8,0.7438
2659,11,0.7227
2660,18,0.7667
2661,2,0.7250
2662,1,0.9000
2663,31,0.6387
2664,1,0.1000
2665,7,0.7214
2666,8,0.6938
2667,2,0.4000
2668,3,0.5167
2669,1,0.7000
2670,1,0.7000
2671,3,0.6667
2672,7,0.8071
2673,34,0.7426
2674,9,0.7056
2675,31,0.6871
2676,26,0.6442
2677,2,0.7500
2678,4,0.8250
2679,4,0.7875
2680,3,0.8667
2681,1,0.8500
2682,6,0.7667
2683,2,0.7500
2684,13,0.5808
2685,8,0.7438
2686,21,0.6643
2687,10,0.6850
2688,1,1.0000
2689,1,1.0000
2690,54,0.7009
2691,2,0.9250
2692,1,0.9000
2693,16,0.6219
2694,4,0.6875
2695,2,0.1750
2696,23,0.7609
2697,29,0.6897
2698,3,0.7000
2699,6,0.8583
2700,3,0.8667
2701,1,0.9000
2702,6,0.8333
2703,1,0.8500
2704,2,0.8750
2705,1,0.9500
2706,1,0.9500
2707,24,0.6063
2708,32,0.5094
2709,194,0.7023
2710,25,0.5620
2711,4,0.7125
2712,6,0.7417
2713,90,0.6122
2714,61,0.7615
2715,257,0.7482
2716,45,0.6500
2717,433,0.7091
2718,18,0.6667
2719,12,0.4458
2720,1,0.9000
2721,311,0.7146
2722,8,0.8188
2723,180,0.6611
2724,137,0.6898
2725,329,0.7456
2726,1,0.6500
2727,68,0.7500
2728,1,0.9000
2729,110,0.6034
2730,527,0.6300
2731,8,0.6125
2732,5,0.6700
2733,4,0.7250
2734,7,0.7429
2735,1,0.9000
2736,3,0.3833
2737,174,0.6636
2738,1,0.9000
2739,65,0.6242
2740,14,0.6336
2741,59,0.7169
2742,39,0.7308
2743,1,0.9000
2744,205,0.6629
2745,2,0.9000
2746,31,0.7194
2747,518,0.7093
2748,107,0.7323
2749,1,0.9000
2750,1,0.6500
2751,1,0.7000
2752,1,-0.3500
2753,10,0.7650
2754,28,0.8071
2755,41,0.8073
2756,52,0.7231
2757,82,0.7921
2758,6,0.7583
2759,3,0.5500
2760,5,0.8300
2761,8,0.6375
2762,6,0.9000
2763,2,0.8250
2764,11,0.8000
2765,1,0.9000
2766,17,0.8324
2767,3,0.8333
2768,1,0.8500
2769,25,0.5588
2770,1,0.8500
2771,1,0.8500
2772,1,0.2500
2773,1,0.7000
2774,2,0.8250
2775,1,0.6500
2776,1,-0.1000
2777,4,0.3375
2778,7,0.1929
2779,19,0.6974
2780,2,0.6750
2781,2,0.3500
2782,1,0.6500
2783,1,0.6500
2784,4,0.9125
2785,1,0.7500
2786,5,0.5700
2787,1,0.9500
2788,53,0.6072
2789,1,0.7500
2790,1,0.9000
2791,103,0.6029
2792,17,0.6000
2793,63,0.6452
2794,22,0.6955
2795,46,0.7261
2796,1,0.5500
2797,97,0.7412
2798,9,0.5422
2799,3,0.5500
2800,1,1.0000
2801,6,0.8083
2802,1,0.7000
2803,1,0.7000
2804,2,0.3000
2805,2,0.1750
2806,2,0.6250
2807,1,0.4500
2808,7,0.5757
2809,5,0.6900
2810,5,0.5100
2811,7,0.6043
2812,2,0.7250
2813,3,0.5100
2814,4,0.5250
2815,4,0.4750
2816,70,0.6791
2817,1,0.4000
2818,20,0.5600
2819,82,0.6640
2820,1,0.7000
2821,15,0.5633
2822,28,0.6143
2823,55,0.7227
2824,11,0.6136
2825,5,0.5460
2826,14,0.6250
2827,8,0.6812
2828,26,0.5981
2829,10,0.7350
2830,12,0.6000
2831,14,0.5364
2832,1,0.8500
2833,7,0.6929
2834,3,0.4833
2835,6,0.6833
2836,18,0.6361
2837,4,0.6125
2838,16,0.6688
2839,11,0.8045
2840,1,0.6000
2841,1,-0.7500
2842,5,0.6900
2843,2,0.7750
2844,13,0.7038
2845,2,0.6500
2846,1,-0.5500
2847,8,0.8000
2848,2,0.9000
2849,5,0.7600
2850,9,0.7722
2851,1,0.7000
2852,2,0.9000
2853,5,0.8400
2854,2,0.9500
2855,1,0.9500
2856,2,0.8250
2857,25,0.6500
2858,9,0.6611
2859,32,0.6672
2860,2,0.2250
2861,10,0.5300
2862,11,0.6182
2863,8,0.7812
2864,15,0.6267
2865,2,0.6500
2866,27,0.6056
2867,1,0.8500
2868,5,0.8000
2869,1,0.7500
2870,4,0.7750
2871,3,0.4833
2872,31,0.6984
2873,2,0.9250
2874,1,0.6000
2875,1,0.8500
2876,1,-0.2500
2877,5,0.5000
2878,1,0.7000
2879,1,0.8500
2880,1,0.9500
2881,3,0.8500
2882,17,0.5059
2883,1,0.8000
2884,115,0.6436
2885,94,0.6441
2886,9,0.6000
2887,11,0.7227
2888,4,0.7125
2889,19,0.6579
2890,1,0.0500
2891,23,0.7413
2892,81,0.6840
2893,1,0.9000
2894,4,0.7375
2895,1,0.1000
2896,1,0.6500
2897,1,0.9000
2898,2,0.6800
2899,94,0.7061
2900,110,0.6845
2901,32,0.6719
2902,115,0.6641
2903,16,0.6031
2904,54,0.6454
2905,42,0.6512
2906,16,0.6531
2907,20,0.6725
2908,3,0.8000
2909,3,0.6833
2910,10,0.5550
2911,12,0.6667
2912,2,0.8750
2913,4,0.8375
2914,28,0.6518
2915,4,0.5875
2916,2,0.8000
2917,2,0.5750
2918,3,0.6167
2919,3,0.7333
2920,1,0.7000
2921,6,0.8000
2922,6,0.6833
2923,3,0.5167
2924,8,0.5500
2925,1,0.9000
2926,1,0.5000
2927,1,0.6500
2928,1,0.2500
2929,1,0.0000
2930,8,0.5462
2931,1,-0.2500
2932,1,0.7000
2933,2,0.2250
2934,14,0.6521
2935,7,0.4143
2936,1,1.0000
2937,1,0.8000
2938,5,0.7700
2939,1,0.9000
2940,1,0.8500
2941,1,-0.3000
2942,1,-0.2000
2943,1,0.4000
2944,1,0.1500
2945,1,0.4000
2946,6,0.8417
2947,3,0.7833
2948,1,0.7500
2949,1,0.8500
2950,4,0.8875
2951,1,0.8000
2952,4,0.6600
2953,1,0.6000
2954,1,0.8000
2955,1,0.6500
2956,1,0.9000
2957,1,0.8000
2958,9,0.7278
2959,4,0.6875
2960,1,0.6000
2961,18,0.7967
2962,3,0.6167
2963,4,0.7000
2964,1,0.9000
2965,1,-0.7000
2966,1,0.8500
2967,1,1.0000
2968,2,0.8000
2969,1,0.2500
2970,1,0.7000
2971,2,0.5500
2972,3,0.7500
2973,3,0.9167
2974,8,0.8188
2975,5,0.9200
2976,2,0.8000
2977,5,0.8800
2978,3,0.8667
2979,3,0.8000
2980,2,1.0000
2981,3,0.8667
2982,3,0.8667
2983,3,0.9333
2984,7,0.8857
2985,2,0.9750
2986,2,0.5750
2987,1,1.0000
2988,1,0.9500
2989,1,0.8500
2990,4,0.8875
2991,1,1.0000
2992,1,0.9000
2993,1,0.8000
2994,1,0.5500
2995,1,0.8000
2996,1,0.6500
2997,1,0.8000
2998,1,0.9000
2999,1,0.8500
3000,1,0.9000
3001,2,0.0250
3002,1,0.9500
3003,1,0.3500
3004,1,0.3500
3005,1,0.5000
3006,1,0.8500
3007,1,0.8000
3008,1,0.8500
3009,1,0.9000
3010,4,0.7500
3011,1,0.9000
3012,1,0.8000
3013,1,0.7000
3014,1,0.7500
3015,4,0.7625
3016,1,0.1500
3017,1,0.2500
3018,3,0.9167
3019,2,0.8250
3020,1,0.9500
3021,3,0.7833
3022,2,0.6750
3023,4,0.6125
3024,3,0.8333
3025,3,0.6833
3026,9,0.6000
3027,5,0.3700
3028,3,0.7833
3029,4,0.6500
3030,4,0.4125
3031,4,0.6500
3032,6,0.8333
3033,4,0.8000
3034,3,0.4000
3035,1,0.9500
3036,6,0.5667
3037,1,0.5000
3038,2,0.7000
3039,1,0.9000
3040,2,0.9500
3041,6,0.7750
3042,1,1.0000
3043,1,0.6000
3044,1,0.8000
3045,1,0.7500
3046,1,0.7500
3047,1,0.8000
3048,1,0.6500
3049,1,0.9000
3050,2,0.6500
3051,1,0.8000
3052,1,0.6000
3053,1,0.4000
3054,1,0.5500
3055,1,0.9500
3056,2,0.7750
3057,4,0.9250
3058,1,0.4500
3059,2,0.7750
3060,4,0.2000
3061,1,0.8500
3062,2,0.9250
3063,1,-0.0500
3064,1,-0.1500
3065,1,0.7000
3066,1,0.9000
3067,1,0.6000
3068,4,0.2000
3069,6,0.0250
3070,1,-0.6500
3071,2,-0.3500
3072,1,-0.0200
3073,1,0.3500
3074,1,0.5000
3075,1,-0.6500
3076,1,0.9000
3077,1,-0.6500
3078,2,0.6500
3079,1,0.1000
3080,1,0.6500
3081,1,0.1000
3082,1,0.9000
3083,1,0.3500
3084,26,0.4354
3085,1,0.8000
3086,1,-0.1000
3087,1,0.2800
3088,10,0.3250
3089,1,0.8000
3090,1,0.8500
3091,1,0.4000
3092,7,0.3414
3093,1,0.3500
3094,1,-0.6500
3095,1,-0.6000
3096,1,0.1000
3097,2,-0.1250
3098,3,0.5167
3099,16,0.2606
3100,1,0.8000
3101,1,0.9000
3102,11,0.7955
3103,1,1.0000
3104,5,0.7300
3105,4,0.7125
3106,2,0.6000
3107,10,0.8550
3108,1,0.9500
3109,5,0.8300
3110,1,0.8500
3111,2,0.7750
3112,1,0.9500
3113,1,1.0000
3114,2,0.8500
3115,74,0.7149
3116,32,0.6797
3117,46,0.6924
3118,32,0.6797
3119,17,0.8147
3120,2,0.6750
3121,1,0.8000
3122,1,0.7500
3123,1,0.9000
3124,11,0.6682
3125,4,0.7750
3126,6,0.5083
3127,3,0.5500
3128,6,0.6750
3129,24,0.7271
3130,22,0.6886
3131,32,0.7016
3132,1,0.8500
3133,3,0.7833
3134,6,0.7750
3135,1,0.9500
3136,6,0.6500
3137,70,0.6971
3138,26,0.6827
3139,11,0.7091
3140,3,0.8333
3141,27,0.7167
3142,2,0.9500
3143,18,0.8000
3144,1,0.7000
3145,1,0.6000
3146,14,0.7393
3147,15,0.6633
3148,33,0.7030
3149,10,0.5600
3150,4,0.7750
3151,2,0.7750
3152,16,0.7438
3153,2,0.8750
3154,5,0.7100
3155,19,0.7947
3156,4,0.8125
3157,1,0.9500
3158,4,0.7875
3159,1,0.7500
3160,2,0.8500
3161,1,0.9000
3162,1,0.8000
3163,1,-0.3000
3164,1,0.6000
3165,4,0.7125
3166,5,0.7900
3167,3,0.6000
3168,1,0.8000
3169,3,0.5167
3170,1,0.7500
3171,1,0.9500
3172,2,0.8750
3173,4,0.7750
3174,3,0.9000
3175,1,0.7000
3176,3,0.6667
3177,1,0.9000
3178,1,0.3000
3179,1,0.1500
3180,1,0.9000
3181,2,0.6500
3182,17,0.7176
3183,4,0.7125
3184,6,0.6417
3185,6,0.7083
3186,1,0.8500
3187,5,0.7000
3188,2,0.9000
3189,5,0.6800
3190,5,0.8400
3191,2,0.8750
3192,1,0.8500
3193,1,0.4500
3194,9,0.6944
3195,5,0.7100
3196,1,0.7500
3197,5,0.7400
3198,3,0.7500
3199,6,0.8000
3200,4,0.6000
3201,8,0.7312
3202,5,0.8400
3203,3,0.6500
3204,1,0.3500
3205,23,0.7630
3206,1,0.8000
3207,24,0.5792
3208,3,0.8500
3209,7,0.6929
3210,32,0.6922
3211,2,0.2400
3212,13,0.5962
3213,17,0.7294
3214,14,0.6536
3215,1,0.5300
3216,2,0.9000
3217,1,0.9500
3218,2,0.5750
3219,1,0.7500
3220,23,0.6913
3221,2,0.7000
3222,1,0.7000
3223,1,0.9000
3224,3,0.6333
3225,13,0.7269
3226,1,0.6500
3227,13,0.6846
3228,1,0.8500
3229,14,0.6821
3230,1,1.0000
3231,5,0.6260
3232,15,0.4893
3233,1,0.8000
3234,4,0.2625
3235,1,0.5000
3236,4,0.4875
3237,21,0.6548
3238,37,0.5459
3239,1,0.5000
3240,7,0.5071
3241,1,0.2500
3242,6,0.5167
3243,1,0.7500
3244,7,0.8143
3245,2,0.8500
3246,4,0.6750
3247,9,0.8444
3248,32,0.5406
3249,15,0.7267
3250,24,0.6146
3251,7,0.8286
3252,1,0.6500
3253,10,0.6200
3254,40,0.7000
3255,7,0.7071
3256,21,0.7024
3257,10,0.7000
3258,10,0.5150
3259,3,0.8833
3260,1391,0.6248
3261,12,0.7350
3262,1,1.0000
3263,6,0.6333
3264,8,0.5375
3265,1,0.9500
3266,1,0.8000
3267,1,1.0000
3268,1862,0.6232
3269,1,0.9000
3270,5,0.3200
3271,35,0.6657
3272,2,0.7000
3273,2,0.7100
3274,1,0.8000
3275,10,0.5450
3276,1873,0.6187
3277,2,0.6750
3278,21,0.6714
3279,2,0.7250
3280,3,0.2400
3281,30,0.6170
3282,6,0.4500
3283,3,0.6167
3284,1,0.4500
3285,1,-0.2000
3286,1,0.7500
3287,1,0.2500
3288,2,0.9500
3289,1,0.7500
3290,1,0.8000
3291,1,-0.5000
3292,1,0.2500
3293,1,0.8000
3294,1,0.8000
3295,7,0.6286
3296,12,0.7600
3297,101,0.6545
3298,3,0.2500
3299,1,0.6000
3300,2,0.6500
3301,29,0.5034
3302,1,0.8500
3303,4,0.6500
3304,9,0.5122
3305,13,0.6808
3306,1,0.4500
3307,2,0.6250
3308,1,0.7500
3309,1,0.6500
3310,1,0.8500
3311,2,0.3000
3312,4,0.7800
3313,9,0.5389
3314,4,0.6375
3315,2,0.4500
3316,6,0.4917
3317,1,0.2500
3318,7,0.3786
3319,3,0.4000
3320,1,0.1500
3321,6,0.6500
3322,1,0.5000
3323,34,0.6029
3324,5,0.5200
3325,17,0.7088
3326,44,0.5659
3327,46,0.6522
3328,55,0.5709
3329,39,0.5667
3330,11,0.3227
3331,48,0.6125
3332,2,0.8000
3333,10,0.7290
3334,3,0.7333
3335,22,0.7250
3336,51,0.7098
3337,12,0.5367
3338,9,0.5500
3339,32,0.5984
3340,64,0.7086
3341,2,0.7250
3342,2,0.9500
3343,28,0.6929
3344,5,0.6700
3345,1,0.6500
3346,1,0.8500
3347,59,0.7331
3348,2,0.8000
3349,25,0.7800
3350,7,0.5857
3351,6,0.6083
3352,1,0.1000
3353,28,0.5464
3354,40,0.6175
3355,24,0.6938
3356,5,0.5600
3357,1,0.7000
3358,1,0.6500
3359,22,0.6818
3360,1,0.9000
3361,44,0.5716
3362,1,0.0000
3363,3,0.7000
3364,2,0.5450
3365,4,0.5250
3366,2,0.8000
3367,24,0.6558
3368,1,-0.2000
3369,9,0.7889
3370,3,0.5333
3371,5,0.3100
3372,2,0.6000
3373,1,-0.2500
3374,23,0.6496
3375,2,0.2250
3376,6,0.3750
3377,1,0.8500
3378,1,0.7000
3379,1,0.8500
3380,4,0.4625
3381,19,0.6816
3382,21,0.6405
3383,1,0.8000
3384,4,0.5700
3385,3,0.6667
3386,2,0.5350
3387,1,0.8000
3388,14,0.6464
3389,8,0.6812
3390,19,0.6237
3391,3,0.5500
3392,14,0.7143
3393,3,0.5500
3394,5,0.7200
3395,83,0.6741
3396,8,0.6875
3397,64,0.6555
3398,4,0.7500
3399,5,0.5200
3400,1,0.8000
3401,2,0.1250
3402,4,0.4875
3403,7,0.5929
3404,13,0.7577
3405,1,0.8000
3406,1,0.7500
3407,1,0.7500
3408,1,0.6500
3409,12,0.6875
3410,59,0.7085
3411,49,0.6520
3412,2,0.5500
3413,9,0.6722
3414,5,0.5200
3415,1,0.6000
3416,1,0.8000
3417,63,0.6402
3418,1,0.8500
3419,51,0.7020
3420,4,0.7750
3421,10,0.7350
3422,4,0.8500
3423,205,0.6549
3424,1,0.9000
3425,84,0.5548
3426,5,0.7900
3427,14,0.5171
3428,1,-0.4000
3429,1,0.9500
3430,1,-0.4000
3431,3,0.8000
3432,51,0.6412
3433,48,0.6156
3434,22,0.5886
3435,3,0.8167
3436,9,0.6722
3437,5,0.6800
3438,22,0.7841
3439,36,0.6347
3440,8,0.6875
3441,1,0.8000
3442,1,0.9500
3443,1,0.8000
3444,2,0.6250
3445,2,0.5750
3446,4,0.8250
3447,1,1.0000
3448,3,0.3667
3449,3,0.2833
3450,2,0.4750
3451,4,0.5750
3452,7,0.6857
3453,2,0.4750
3454,3,0.2833
3455,1,0.1500
3456,1,0.9000
3457,2,0.4750
3458,1,0.7000
3459,1,0.6500
3460,7,0.7143
3461,3,0.1900
3462,1,0.6500
3463,2,0.7500
3464,1,0.9000
3465,1,0.9500
3466,1,0.9000
3467,1,0.5000
3468,1,0.9000
3469,4,0.7500
3470,1,0.3500
3471,1,1.0000
3472,1,0.4500
3473,1,0.2500
3474,4,0.6125
3475,1,0.3000
3476,3,0.3167
3477,3,0.5033
3478,6,0.4417
3479,1,0.3000
3480,1,0.4500
3481,1,0.6500
3482,4,0.7175
3483,3,0.2167
3484,2,0.8250
3485,1,0.7000
3486,1,0.8500
3487,1,0.7000
3488,2,0.6750
3489,2,0.2000
3490,1,0.3000
3491,7,0.4214
3492,3,0.7500
3493,6,0.2750
3494,8,0.6625
3495,1,0.8500
3496,1,1.0000
3497,3,0.8833
3498,1,0.3000
3499,4,0.7625
3500,1,0.5000
3501,1,0.9500
3502,5,0.6600
3503,1,0.9500
3504,1,0.4000
3505,1,-0.6500
3506,1,1.0000
3507,1,0.7000
3508,1,0.3500
3509,1,0.9500
3510,1,0.8500
3511,1,0.8000
3512,1,0.6500
3513,2,0.8750
3514,2,0.8750
3515,2,0.8500
3516,2,1.0000
3517,2,0.7750
3518,2,0.7750
3519,3,0.7833
3520,1,0.6000
3521,2,0.7000
3522,1,0.8000
3523,1,0.7000
3524,4,0.8125
3525,1,0.3000
3526,1,0.7000
3527,1,1.0000
3528,1,0.5500
3529,2,0.7500
3530,2,0.9000
3531,2,0.7500
3532,2,0.8250
3533,1,0.6000
3534,1,0.9000
3535,1,0.5500
3536,1,0.6000
3537,1,0.8000
3538,2,0.6250
3539,1,0.8500
3540,3,0.7500
3541,1,0.6500
3542,1,0.8500
3543,5,0.7700
3544,2,0.8750
3545,3,0.8000
3546,2,0.0500
3547,1,-0.5000
3548,10,0.6600
3549,1,0.2500
3550,1,0.6500
3551,14,0.6107
3552,2,0.7500
3553,3,0.6000
3554,2,0.7750
3555,7,0.6243
3556,1,0.8000
3557,11,0.6045
3558,5,0.7600
3559,5,0.8100
3560,4,0.8875
3561,13,0.7792
3562,1,1.0000
3563,1,0.9000
3564,3,0.8333
3565,7,0.7786
3566,4,0.8875
3567,3,0.7667
3568,20,0.5875
3569,25,0.5540
3570,1,0.9000
3571,2,0.7500
3572,778,0.6497
3573,6,0.7083
3574,42,0.5821
3575,4,0.5500
3576,1,-0.5500
3577,1,0.7000
3578,7,0.8143
3579,210,0.6771
3580,1,-0.4000
3581,102,0.7074
3582,36,0.7153
3583,97,0.7428
3584,1,0.8500
3585,1,0.6500
3586,3,0.8667
3587,1,0.7500
3588,1,0.7000
3589,2,0.3750
3590,1,0.8500
3591,1,0.7000
3592,2,0.8000
3593,1,0.8000
3594,2,0.5250
3595,1,0.6500
3596,1,0.7500
3597,7,0.5257
3598,1,-0.0500
3599,2,0.8500
3600,5,0.3700
3601,2,0.9000
3602,1,0.7000
3603,25,0.4980
3604,1,0.6500
3605,1,0.8500
3606,13,0.8308
3607,12,0.5692
3608,2,0.5250
3609,11,0.4455
3610,3,0.9000
3611,1,1.0000
3612,75,0.7684
3613,2,0.1500
3614,9,0.8056
3615,1,0.9500
3616,4,0.6050
3617,1,0.9000
3618,1,0.7000
3619,6,0.6583
3620,1,0.7200
3621,3,0.8500
3622,2,0.9250
3623,1,-0.1500
3624,19,0.3363
3625,1,-0.1000
3626,2,0.3500
3627,85,0.5626
3628,1,0.9500
3629,1,-0.1000
3630,20,0.6450
3631,3,0.7267
3632,1,0.9500
3633,2,0.9250
3634,1,0.8500
3635,3,0.7000
3636,1,0.8000
3637,2,0.6000
3638,7,0.8029
3639,1,0.9500
3640,2,0.6000
3641,1,0.7500
3642,1,0.8500
3643,1,0.8000
3644,1,0.9500
3645,1,0.0000
3646,1,0.0000
3647,1,-0.3500
3648,4,0.5375
3649,2,0.7500
3650,6,0.8250
3651,1,0.7500
3652,1,-0.2500
3653,1,0.6500
3654,1,0.7500
3655,56,0.6946
3656,1,0.6900
3657,5,0.7100
3658,6,0.8500
3659,38,0.7000
3660,43,0.6651
3661,1,-0.3000
3662,3,0.6167
3663,29,0.7152
3664,2,0.9500
3665,7,0.5429
3666,1,-0.1500
3667,3,0.8833
3668,1,0.6000
3669,1,0.7000
3670,5,0.5300
3671,3,0.7833
3672,2,0.5500
3673,1,0.5500
3674,3,0.8500
3675,1,0.1000
3676,1,0.1000
3677,2,0.8750
3678,1,0.8500
3679,3,0.9167
3680,2,0.8500
3681,5,0.6040
3682,6,0.8583
3683,1,-0.1500
3684,1,0.8000
3685,1,0.9500
3686,1,0.9000
3687,1,0.9000
3688,1,0.2000
3689,1,0.8500
3690,7,0.7571
3691,4,0.8625
3692,1,0.9500
3693,1,0.9000
3694,3,0.5500
3695,1,0.7500
3696,2,0.8250
3697,8,0.7062
3698,11,0.7182
3699,2,0.9000
3700,1,0.9000
3701,2,0.7750
3702,1,0.8000
3703,2,0.7350
3704,1,0.9500
3705,4,-0.0250
3706,54,0.5263
3707,1,0.5500
3708,2,0.6500
3709,1,0.7500
3710,1,0.7000
3711,3,0.7333
3712,2,0.9000
3713,1,0.6500
3714,6,0.6667
3715,2,0.8750
3716,3,0.7167
3717,2,0.8750
3718,1,0.6500
3719,2,0.4500
3720,1,0.4500
3721,12,0.7833
3722,2,0.7000
3723,2,0.5250
3724,1,-0.6500
3725,6,0.6417
3726,2,0.4250
3727,1,1.0000
3728,10,0.7900
3729,5,0.4400
3730,11,0.5636
3731,6,0.8167
3732,1,0.5000
3733,1,0.8500
3734,1,0.9000
3735,4,0.8375
3736,7,0.6286
3737,8,0.6875
3738,2,0.7000
3739,1,0.9500
3740,1,0.9000
3741,3,0.8167
3742,1,0.7000
3743,1,0.6000
3744,10,0.6900
3745,1,0.9000
3746,1,0.8000
3747,12,0.6300
3748,1,0.8000
3749,11,0.2455
3750,2,0.7750
3751,6,0.7083
3752,5,0.7700
3753,1,0.8000
3754,1,0.0000
3755,2,0.7000
3756,1,-0.6500
3757,1,-0.6500
3758,1,-0.6500
3759,2,-0.2000
3760,3,-0.1000
3761,2,-0.2750
3762,2,0.8500
3763,5,0.8000
3764,10,0.8300
3765,2,0.8250
3766,4,0.6500
3767,1,0.6500
3768,2,0.7000
3769,12,0.7250
3770,2,0.8500
3771,1,0.7000
3772,1,0.7800
3773,1,0.7800
3774,2,0.9250
3775,1,0.5000
3776,2,-0.2000
3777,2,0.5500
3778,1,0.1000
3779,1,0.3500
3780,1,1.0000
3781,6,0.8583
3782,1,0.6500
3783,1,0.9000
3784,5,0.7500
3785,4,0.7000
3786,2,0.7250
3787,1,0.8000
3788,1,0.6900
3789,1,0.5500
3790,9,0.7778
3791,2,0.5450
3792,1,0.1000
3793,6,0.1983
3794,2,0.5500
3795,4,0.5875
3796,2,-0.2750
3797,1,-0.6500
3798,5,0.1000
3799,1,-0.6500
3800,2,-0.1250
3801,1,0.3000
3802,1,-0.6500
3803,1,0.4000
3804,1,-0.6500
3805,1,-0.6500
3806,1,-0.6000
3807,4,0.0000
3808,1,-0.6500
3809,1,-0.6500
3810,3,0.0500
3811,1,-0.6500
3812,1,-0.6500
3813,1,-0.6500
3814,1,0.4000
3815,1,-0.6500
3816,2,-0.1250
3817,1,-0.2000
3818,1,-0.7000
3819,2,0.5250
3820,25,0.7100
3821,9,0.7389
3822,88,0.5855
3823,80,0.6602
3824,2,0.8500
3825,19,0.6774
3826,1,-0.7000
3827,1,-0.5000
3828,1,0.3500
3829,1,0.0500
3830,33,0.6758
3831,65,0.7062
3832,2,0.8500
3833,13,0.7846
3834,2,0.7250
3835,2,-0.3250
3836,13,0.4308
3837,1,0.7000
3838,6,0.2917
3839,1,-0.4500
3840,1,0.6200
3841,1,0.0000
3842,1,0.4500
3843,1,0.1500
3844,3,0.4167
3845,57,0.4605
3846,4,0.4475
3847,4,0.8375
3848,1,0.9000
3849,1,0.6000
3850,1,0.8500
3851,4,0.4650
3852,2,0.3500
3853,2,0.9500
3854,1,0.8000
3855,49,0.6404
3856,113,0.6607
3857,1,1.0000
3858,2,0.9750
3859,1,0.9000
3860,14,0.6414
3861,8,0.7375
3862,1,0.8000
3863,2,0.9750
3864,1,0.9000
3865,1,0.9000
3866,1,0.6800
3867,2,0.1000
3868,12,0.5125
3869,2,0.7000
3870,1,1.0000
3871,6,0.5550
3872,1,1.0000
3873,1,1.0000
3874,1,0.2000
3875,1,0.2000
3876,1,1.0000
3877,1,-0.6500
3878,1,0.5000
3879,2,0.4250
3880,4,0.7000
3881,2,0.4750
3882,1,0.5500
3883,12,0.8167
3884,2,0.0500
3885,7,0.5829
3886,9,0.6933
3887,1,0.9000
3888,7,0.6786
3889,1,0.9000
3890,26,0.6515
3891,5,0.7500
3892,1,0.9000
3893,1,1.0000
3894,3,0.8833
3895,1,0.8000
3896,3,0.9167
3897,7,0.6143
3898,1,0.4000
3899,11,0.8682
3900,1,0.9000
3901,1,0.3000
3902,1,0.9000
3903,1,0.7000
3904,1,0.7000
3905,1,0.9500
3906,5,0.2020
3907,3,0.5167
3908,1,0.7000
3909,2,0.7500
3910,2,0.2750
3911,1,0.9000
3912,1,0.9000
3913,1,0.9000
3914,1,0.9000
3915,4,0.8750
3916,1,0.8000
3917,4,0.7750
3918,4,0.9000
3919,4,0.7500
3920,2,0.8250
3921,2,0.8250
3922,1,0.3000
3923,25,0.7080
3924,51,0.7039
3925,37,0.7189
3926,235,0.7230
3927,1,0.9500
3928,69,0.6826
3929,242,0.6959
3930,1,0.9500
3931,1,0.6000
3932,23,0.7609
3933,145,0.6838
3934,1,0.9500
3935,34,0.7471
3936,212,0.6972
3937,1,0.9500
3938,52,0.7135
3939,56,0.7455
3940,98,0.7469
3941,1,0.9500
3942,16,0.7250
3943,13,0.7885
3944,4,0.6375
3945,266,0.7139
3946,138,0.7083
3947,5,0.6000
3948,571,0.6218
3949,106,0.6867
3950,8,0.8375
3951,1,0.9000
3952,4,0.7250
3953,1,0.8500
3954,4,0.8750
3955,177,0.7094
3956,168,0.6208
3957,579,0.6632
3958,7,0.3357
3959,2,0.8500
3960,6,0.2417
3961,1,0.8000
3962,5,0.1600
3963,8,0.3812
3964,1,0.8000
3965,3,0.2500
3966,4,0.4250
3967,4,0.0375
3968,1,0.8000
3969,6,0.3167
3970,1,0.8000
3971,14,0.6821
3972,13,0.6692
3973,2,0.5000
3974,1,0.0500
3975,17,0.6500
3976,1,0.0500
3977,24,0.6437
3978,1,0.7000
3979,1,0.7000
3980,2,0.7750
3981,1,0.8000
3982,15,0.6000
3983,14,0.7857
3984,6,0.6833
3985,7,0.5500
3986,5,0.7000
3987,1,-0.3500
3988,1,0.3500
3989,2,0.9000
3990,2,0.2750
3991,1,-0.4000
3992,1,0.6500
3993,6,0.7817
3994,1,0.9000
3995,1,0.9500
3996,41,0.7085
3997,2,0.8500
3998,125,0.7243
3999,3,0.7700
4000,2,0.6500
4001,36,0.6542
4002,113,0.7208
4003,1,-0.4000
4004,3,0.5500
4005,29,0.7534
4006,6,0.6633
4007,1,0.5000
4008,8,0.7575
4009,1,-0.3000
4010,5,0.6900
4011,1,0.9000
4012,3,0.4833
4013,7,0.7500
4014,43,0.7047
4015,30,0.7117
4016,2,0.2000
4017,13,0.7308
4018,3,0.7167
4019,12,0.8500
4020,45,0.7222
4021,29,0.6145
4022,40,0.7075
4023,14,0.6786
4024,3,0.4833
4025,1,0.9000
4026,6,0.6650
4027,3,0.6333
4028,1,0.6000
4029,3,0.8333
4030,7,0.7029
4031,4,0.7925
4032,1,0.9500
4033,1,0.4500
4034,14,0.3836
4035,23,0.6152
4036,3,0.6000
4037,11,0.4464
4038,1,0.8500
4039,2,0.9250
4040,2,0.7250
4041,3,0.8667
4042,5,0.5600
4043,1,0.7000
4044,2,0.5000
4045,2,0.3250
4046,1,0.6500
4047,2,0.7300
4048,3,0.3167
4049,1,-0.0500
4050,1,0.6000
4051,1,0.6500
4052,3,0.6500
4053,1,0.2500
4054,2,0.7500
4055,1,0.4500
4056,2,-0.0250
4057,1,0.9500
4058,1,0.4000
4059,1,0.3000
4060,1,0.3500
4061,1,0.0000
4062,3,0.4833
4063,1,0.3000
4064,1,0.7000
4065,3,0.6833
4066,6,0.4200
4067,2,-0.0250
4068,1,0.7000
4069,7,0.6843
4070,3,0.3500
4071,4,0.4250
4072,3,0.5667
4073,1,0.9500
4074,1,0.7000
4075,4,0.8000
4076,1,0.6500
4077,2,0.2250
4078,1,1.0000
4079,1,0.2500
4080,2,0.6250
4081,1,0.6500
4082,3,0.9333
4083,1,0.4500
4084,17,0.7118
4085,2,0.4050
4086,1,0.5500
4087,1,0.7000
4088,2,0.9750
4089,4,0.6125
4090,2,0.6000
4091,2,0.9500
4092,6,0.7250
4093,4,0.6000
4094,2,0.6250
4095,1,1.0000
4096,5,0.6100
4097,1,0.3000
4098,4,0.7625
4099,2,0.7250
4100,1,0.1500
4101,1,0.9000
4102,1,0.3500
4103,1,-0.6000
4104,1,-0.6500
4105,2,0.1250
4106,1,0.8500
4107,1,-0.6500
4108,1,0.3500
4109,1,-0.1500
4110,1,-0.6500
4111,1,0.4000
4112,1,-0.6500
4113,1,0.2000
4114,4,0.2375
4115,2,-0.2750
4116,1,-0.6500
4117,1,-0.6500
4118,2,0.7750
4119,3,0.5167
4120,2,0.8000
4121,1,0.9500
4122,1,0.8500
4123,8,0.7500
4124,25,0.8260
4125,9,0.7667
4126,1,-0.1000
4127,1,0.9000
4128,1,-0.0500
4129,1,0.6000
4130,5,0.8100
4131,1,0.4500
4132,15,0.6420
4133,5,0.8900
4134,3,0.4000
4135,1,0.9500
4136,1,0.8500
4137,1,0.9000
4138,3,0.8667
4139,1,1.0000
4140,3,0.8167
4141,1,0.7500
4142,23,0.8239
4143,2,0.3250
4144,1,0.9000
4145,1,0.7500
4146,1,0.5000
4147,21,0.6619
4148,12,0.7125
4149,1,0.9000
4150,16,0.5250
4151,1,0.7500
4152,1,0.7500
4153,1,0.9000
4154,24,0.7146
4155,1,1.0000
4156,3,0.9333
4157,5,0.8200
4158,9,0.8167
4159,2,0.7750
4160,1,0.8000
4161,1,0.9000
4162,1,0.7000
4163,4,0.7000
4164,1,1.0000
4165,1,1.0000
4166,1,0.9500
4167,3,0.6000
4168,1,0.9500
4169,5,0.8300
4170,1,0.6500
4171,1,0.6500
4172,1,1.0000
4173,1,0.8000
4174,10,0.7550
4175,2,0.7250
4176,4,0.5000
4177,4,0.4500
4178,3,0.8500
4179,1,0.7000
4180,5,0.8000
4181,1,0.8000
4182,1,0.6500
4183,2,0.4800
4184,2,0.9250
4185,1,0.8500
4186,1,0.4000
4187,1,-0.5500
4188,4,0.4625
4189,24,0.6979
4190,1,0.7000
4191,1,0.7000
4192,3,0.8500
4193,29,0.7466
4194,2,0.7250
4195,1,1.0000
4196,1,0.9500
4197,1,0.6500
4198,45,0.7456
4199,1,0.9500
4200,2,0.6400
4201,1,1.0000
4202,1,0.8500
4203,2,0.2250
4204,13,0.6962
4205,2,0.8750
4206,5,0.6000
4207,2,0.7750
4208,5,0.7020
4209,28,0.7761
4210,1,0.9500
4211,10,0.6510
4212,1,0.7000
4213,2,0.8000
4214,16,0.7031
4215,2,0.8500
4216,1,0.6500
4217,2,0.7650
4218,1,0.4000
4219,1,0.9500
4220,1,0.5000
4221,41,0.7427
4222,8,0.7875
4223,17,0.7588
4224,1,0.5500
4225,3,0.7167
4226,1,0.9000
4227,1,1.0000
4228,41,0.7671
4229,3,0.7333
4230,16,0.6188
4231,2,0.7750
4232,1,0.6000
4233,1,-0.5000
4234,45,0.4756
4235,1,1.0000
4236,1,0.6500
4237,1,0.8500
4238,1,0.9500
4239,1,0.9500
4240,355,0.5813
4241,17,0.7353
4242,45,0.6389
4243,254,0.6614
4244,1,-0.5500
4245,1,-0.1500
4246,1,1.0000
4247,1,0.6000
4248,1,-0.5500
4249,3,0.1167
4250,1,-0.5500
4251,1,-0.5500
4252,1,0.2500
4253,1,0.5500
4254,1,0.4500
4255,3,0.4833
4256,1,0.0500
4257,1,0.6900
4258,1,-0.7500
4259,2,0.5500
4260,1,0.5000
4261,34,0.4494
4262,2,0.5500
4263,2,-0.0050
4264,5,0.5880
4265,1,-0.5000
4266,545,0.6175
4267,2,0.1750
4268,160,0.6301
4269,1,0.6000
4270,1,0.9000
4271,1,-0.0500
4272,73,0.5258
4273,1,0.8500
4274,11,0.7091
4275,1,-0.1000
4276,105,0.4926
4277,5,0.8200
4278,5,0.5100
4279,5,0.5500
4280,6,0.3083
4281,1,0.6000
4282,1,0.7000
4283,11,0.3027
4284,1,-0.7000
4285,1,0.4500
4286,12,0.4417
4287,3,0.8000
4288,6,0.4083
4289,1,0.4000
4290,1,-0.7500
4291,1,0.4000
4292,3,0.6967
4293,1,1.0000
4294,4,0.5075
4295,1,0.6500
4296,5,0.3700
4297,4,0.3600
4298,2,0.8250
4299,1,0.3500
4300,4,0.6075
4301,13,0.5423
4302,1,0.1500
4303,1,0.4000
4304,1,0.8000
4305,1,-0.7000
4306,1,0.6000
4307,1,0.9500
4308,4,0.5075
4309,1,0.6900
4310,1,0.8500
4311,5,0.6180
4312,2,0.6900
4313,1,0.6500
4314,1,0.8000
4315,2,0.7700
4316,7,0.4429
4317,7,0.7929
4318,2,0.6500
4319,2,0.8000
4320,1,0.6500
4321,1,0.2000
4322,1,0.0000
4323,4,0.2875
4324,1,0.6900
4325,1,0.6900
4326,2,0.6900
4327,1,0.2000
4328,25,0.6680
4329,39,0.5833
4330,1,0.5000
4331,3,0.2500
4332,41,0.5317
4333,4,0.4875
4334,1,0.6000
4335,5,0.3600
4336,1,0.9500
4337,213,0.6408
4338,40,0.5000
4339,6,0.3917
4340,1,0.7000
4341,1,-0.7000
4342,1,-0.5500
4343,1,0.6500
4344,7,0.6571
4345,1,0.4500
4346,1,0.4500
4347,2,0.7350
4348,3,0.5500
4349,4,0.6925
4350,1,0.6500
4351,1,0.5500
4352,2,0.8500
4353,11,0.6227
4354,22,0.7477
4355,1,0.6500
4356,3,0.8667
4357,29,0.7810
4358,1,1.0000
4359,1,0.6000
4360,102,0.7784
4361,1,0.8000
4362,1,0.8000
4363,1,0.7500
4364,15,0.8467
4365,46,0.8087
4366,1,0.8000
4367,11,0.7682
4368,1,0.3100
4369,6,0.2000
4370,1,-0.5500
4371,3,0.1400
4372,1,0.8500
4373,6,0.3283
4374,3,0.4400
4375,2,0.1500
4376,1,0.7000
4377,13,0.4769
4378,1,0.6500
4379,1,-0.6500
4380,1,0.5500
4381,1,0.9000
4382,1,0.5500
4383,5,0.7600
4384,1,0.6500
4385,1,1.0000
4386,1,0.9000
4387,1,1.0000
4388,1,0.8000
4389,1,0.8500
4390,2,0.6500
4391,1,0.7200
4392,51,0.4980
4393,1,0.1500
4394,1,0.2500
4395,1,0.7000
4396,4,0.4750
4397,1,-0.1500
4398,1,0.7000
4399,1,-0.5500
4400,1,-0.1500
4401,1,-0.5500
4402,1,-0.0500
4403,1,0.3500
4404,2,0.1000
4405,6,0.6083
4406,4,0.4625
4407,1,0.4000
4408,1,0.3500
4409,2,0.3250
4410,1,0.3000
4411,1,1.0000
4412,1,1.0000
4413,1,-0.6500
4414,40,0.7362
4415,3,0.8333
4416,1,0.4000
4417,1,0.9500
4418,1,0.2000
4419,565,0.6156
4420,38,0.6908
4421,1,0.3500
4422,1,0.0500
4423,2,0.1250
4424,1,-0.5500
4425,1,0.2500
4426,1,0.7500
4427,1,-0.1500
4428,1,0.1000
4429,5,0.3600
4430,1,0.6000
4431,1,-0.5500
4432,1,0.6500
4433,1,0.3500
4434,1,0.7500
4435,1,0.7000
4436,1,0.5500
4437,5,0.5300
4438,1,0.5000
4439,2,-0.5500
4440,2,0.8250
4441,1,0.4500
4442,1,0.7000
4443,1,0.7000
4444,1,0.7000
4445,1,0.3000
4446,1,0.6000
4447,1,0.6000
4448,1,0.7500
4449,2,0.0500
4450,1,-0.6500
4451,1,0.7000
4452,1,0.0500
4453,1,0.7000
4454,1,1.0000
4455,1,0.6000
4456,1,0.4500
4457,2,0.5500
4458,99,0.5542
4459,1,0.8500
4460,8,0.2738
4461,2,0.1500
4462,1,0.8500
4463,2,0.0750
4464,1,0.3500
4465,8,0.5250
4466,1,0.6500
4467,1,0.7000
4468,5,0.3100
4469,2,0.9250
4470,5,0.6900
4471,1,0.4000
4472,1,-0.1500
4473,1,0.4000
4474,4,0.6875
4475,1,0.2500
4476,2,0.9250
4477,1,0.2500
4478,1,1.0000
4479,441,0.6386
4480,1,-0.6000
4481,2,0.7000
4482,3,0.6667
4483,94,0.6330
4484,1,0.4000
4485,8,0.5312
4486,1,0.8500
4487,1,0.9500
4488,9,0.7611
4489,4,0.8375
4490,3,0.3167
4491,3,0.8000
4492,5,0.1400
4493,1,0.4500
4494,1,0.3500
4495,1,0.4500
4496,3,0.1967
4497,1,0.6000
4498,1,0.8000
4499,1,0.7500
4500,1,0.6500
4501,1,1.0000
4502,14,0.5929
4503,1,0.4000
4504,1,0.5500
4505,3,0.0500
4506,5,0.5500
4507,1,0.9000
4508,2,0.9750
4509,2,0.2000
4510,7,0.7000
4511,24,0.6396
4512,1,0.1000
4513,2,0.5500
4514,1,-0.2500
4515,65,0.5928
4516,16,0.4594
4517,1,0.7000
4518,1,-0.1000
4519,1,0.7500
4520,129,0.6541
4521,1,0.4000
4522,45,0.6311
4523,1,0.8000
4524,2,0.4750
4525,1,0.9500
4526,1,0.7000
4527,2,0.8750
4528,1,0.6500
4529,1,0.4000
4530,3,0.5833
4531,1,0.3000
4532,3,0.7167
4533,2,-0.1250
4534,17,0.4394
4535,1,0.6000
4536,1,1.0000
4537,5,0.6920
4538,1,0.7500
4539,1,0.4500
4540,1,-0.3000
4541,1,-0.1000
4542,2,0.5250
4543,1,0.2500
4544,12,0.4650
4545,2,0.7000
4546,1,1.0000
4547,5,0.4260
4548,1,0.6500
4549,1,0.9000
4550,1,0.3000
4551,1,0.3000
4552,1,0.6400
4553,3,0.4167
4554,4,0.3750
4555,9,0.5222
4556,3,0.6367
4557,1,0.5500
4558,1,0.6400
4559,1,0.9500
4560,2,0.7950
4561,11,0.2409
4562,6,0.4417
4563,1,0.2000
4564,2,0.5250
4565,1,0.5000
4566,1,-0.1500
4567,5,-0.0900
4568,2,0.1750
4569,1,0.9000
4570,4,0.0625
4571,2,0.0750
4572,2,0.6400
4573,1,-0.1000
4574,3,0.5833
4575,3,0.2133
4576,3,0.7367
4577,1,-0.1500
4578,2,0.6700
4579,2,0.5500
4580,1,1.0000
4581,1,0.7000
4582,1,0.7500
4583,3,0.5000
4584,1,-0.1000
4585,2,0.1250
4586,1,0.5000
4587,4,0.6250
4588,14,0.1071
4589,1,-0.4500
4590,1,0.5000
4591,1,0.6500
4592,2,0.5500
4593,1,-0.2000
4594,1,0.6500
4595,2,0.8000
4596,2,0.9250
4597,11,0.6909
4598,8,0.8125
4599,12,0.7875
4600,3,0.8667
4601,1,0.6500
4602,1,0.6500
4603,1,0.9500
4604,30,0.7233
4605,9,0.7833
4606,1,0.8500
4607,1,1.0000
4608,22,0.7682
4609,2,0.7750
4610,1,1.0000
4611,3,0.7500
4612,28,0.7232
4613,7,0.5500
4614,1,0.8500
4615,1,0.9500
4616,2,0.6250
4617,4,0.7875
4618,13,0.8385
4619,17,0.7706
4620,1,0.7000
4621,1,0.7000
4622,10,0.7900
4623,4,0.6375
4624,1,0.6000
4625,1,1.0000
4626,23,0.7283
4627,8,0.7812
4628,4,0.6250
4629,6,0.8417
4630,8,0.7675
4631,10,0.8200
4632,2,0.8250
4633,2,0.8250
4634,21,0.7190
4635,3,0.7833
4636,1,0.8500
4637,1,0.6500
4638,1,0.8500
4639,2,0.8250
4640,1,0.9000
4641,2,0.8000
4642,5,0.7200
4643,14,0.7679
4644,3,0.5500
4645,3,0.9000
4646,2,0.9000
4647,4,0.8125
4648,11,0.7318
4649,1,0.8000
4650,1,1.0000
4651,3,0.8333
4652,7,0.7929
4653,1,1.0000
4654,1,1.0000
4655,9,0.8111
4656,1,0.8500
4657,27,0.7130
4658,6,0.8583
4659,1,0.8000
4660,1,0.6000
4661,4,0.7750
4662,1,0.8000
4663,3,0.8000
4664,1,0.9000
4665,1,0.8500
4666,1,1.0000
4667,11,0.7818
4668,6,0.6917
4669,1,0.9500
4670,3,0.7833
4671,1,0.8500
4672,1,0.9000
4673,2,0.4750
4674,4,0.7625
4675,2,0.7750
4676,1,1.0000
4677,2,0.6250
4678,1,0.8000
4679,5,0.9000
4680,1,0.7500
4681,1,0.6500
4682,1,0.8500
4683,1,1.0000
4684,1,0.9000
4685,1,0.5000
4686,1,-0.1000
4687,34,0.5765
4688,1,0.2500
4689,1,0.4000
4690,1,-0.0500
4691,1,-0.6500
4692,1,-0.6500
4693,1,-0.6500
4694,1,-0.6500
4695,2,-0.2750
4696,1,-0.6500
4697,1,0.4000
4698,1,-0.6500
4699,3,-0.3667
4700,2,0.4000
4701,1,-0.6500
4702,489,0.6227
4703,1,0.8000
4704,1,0.7000
4705,2,0.5500
4706,3,0.4833
4707,1,0.1500
4708,2,0.5000
4709,1,-0.0500
4710,1,0.1500
4711,1,0.6000
4712,1,0.8500
4713,1,0.1500
4714,1,0.4500
4715,14,0.4714
4716,1,0.6500
4717,1,0.2000
4718,4,0.5500
4719,4,0.1625
4720,1,-0.6500
4721,3,-0.0833
4722,1,0.3500
4723,1,0.4500
4724,1,0.4500
4725,1,0.4500
4726,1,0.6000
4727,3,0.9000
4728,2,0.0750
4729,1,-0.2500
4730,2,0.8500
4731,1,0.8500
4732,21,0.8000
4733,3,0.8500
4734,4,0.8125
4735,1,-0.6500
4736,1,0.9000
4737,6,0.7250
4738,1,0.3000
4739,1,0.8000
4740,1,0.8000
4741,1,0.7000
4742,1,-0.3000
4743,2,0.6250
4744,1,0.9500
4745,1,0.8500
4746,1,0.0000
4747,2,0.4000
4748,2,-0.2000
4749,1,0.4000
4750,34,0.4868
4751,6,0.8083
4752,2,0.6000
4753,1,0.9000
4754,1,0.8500
4755,10,0.7350
4756,1,1.0000
4757,35,0.6500
4758,1,0.4500
4759,3,0.3667
4760,1,0.9000
4761,2,0.5750
4762,2,0.6250
4763,1,0.7500
4764,1,0.7000
4765,1,0.0000
4766,120,0.5198
4767,37,0.5554
4768,6,0.5250
4769,1,-0.1000
4770,9,0.3222
4771,2,0.6250
4772,1,0.7000
4773,1,0.7000
4774,2,0.3750
4775,1,-0.1500
4776,6,0.6250
4777,2,-0.1000
4778,1,0.6500
4779,86,0.5966
4780,1,0.0000
4781,10,0.6150
4782,2,-0.5000
4783,1,0.6000
4784,1,0.7000
4785,1,0.7500
4786,27,0.7370
4787,69,0.7077
4788,3,0.3667
4789,1,0.8500
4790,5,0.8300
4791,5,0.7900
4792,1,0.1000
4793,5,0.2600
4794,4,0.5375
4795,2,0.0500
4796,16,0.6125
4797,1,-0.1000
4798,1,0.6500
4799,2,0.8500
4800,1,0.0000
4801,1,0.3000
4802,1,0.5000
4803,2,0.5000
4804,1,-0.1000
4805,1,-0.8500
4806,9,0.1000
4807,1,0.6500
4808,1,0.5000
4809,1,0.6500
4810,6,0.5883
4811,1,-0.8500
4812,13,0.2385
4813,1,0.5500
4814,1,0.5500
4815,1,0.5500
4816,1,0.5500
4817,1,0.6000
4818,1,0.8000
4819,1,0.5500
4820,1,0.6500
4821,1,0.8000
4822,1,0.3000
4823,1,1.0000
4824,1,0.3000
4825,9,0.1889
4826,4,0.5750
4827,1,-0.4000
4828,19,0.7289
4829,2,0.0500
4830,1,0.4000
4831,1,0.0500
4832,2,0.6250
4833,1,-0.4000
4834,13,0.5808
4835,1,0.4000
4836,6,0.1000
4837,1,-0.5500
4838,1,-0.5500
4839,8,0.1875
4840,1,0.3500
4841,2,0.4250
4842,1,0.5500
4843,3,0.3500
4844,1,0.5500
4845,1,-0.6500
4846,1,-0.1000
4847,2,0.7250
4848,1,-0.0500
4849,1,-0.0500
4850,2,0.2750
4851,1,0.8000
4852,1,-0.3000
4853,1,0.4500
4854,1,0.7000
4855,1,0.7000
4856,2,0.0250
4857,14,0.6643
4858,7,0.4357
4859,4,0.8500
4860,28,0.5964
4861,2,0.3750
4862,1,0.8500
4863,1,0.6500
4864,1,0.6500
4865,1,0.5000
4866,3,0.8333
4867,2,0.7000
4868,3,0.5333
4869,1,-0.1500
4870,1,0.8500
4871,8,0.5250
4872,2,0.5250
4873,1,0.6500
4874,3,0.4333
4875,2,0.5500
4876,1,0.6500
4877,3,0.8333
4878,2,-0.1500
4879,24,0.7354
4880,3,0.4333
4881,4,0.4125
4882,26,0.5038
4883,1,0.5000
4884,2,0.6500
4885,1,0.6000
4886,8,0.4875
4887,3,0.6333
4888,3,0.5333
4889,3,0.5000
4890,3,0.4167
4891,13,0.6500
4892,12,0.3083
4893,6,0.4833
4894,1,0.4500
4895,3,0.3833
4896,8,0.7250
4897,2,0.9250
4898,40,0.7400
4899,13,0.8038
4900,10,0.8150
4901,20,0.7725
4902,9,0.7111
4903,19,0.7342
4904,1,0.9000
4905,2,0.6750
4906,1,1.0000
4907,10,0.7350
4908,1,1.0000
4909,1,0.5000
4910,31,0.7500
4911,1,0.2000
4912,1,0.9000
4913,35,0.7843
4914,1,0.2000
4915,1,0.8500
4916,2,0.9750
4917,20,0.8175
4918,9,0.7944
4919,1,0.6500
4920,1,0.0500
4921,1,0.7500
4922,1,0.8000
4923,1,0.3500
4924,2,0.6000
4925,1,0.5500
4926,278,0.6636
4927,2,0.9000
4928,1,0.7500
4929,2,0.6000
4930,1,0.3000
4931,1,0.8500
4932,1,0.3000
4933,1,0.8500
4934,2,-0.0750
4935,1,0.9500
4936,1,1.0000
4937,1,-0.9000
4938,248,0.6740
4939,2,0.9500
4940,1,0.7500
4941,1,1.0000
4942,7,0.7357
4943,1,0.9500
4944,8,0.6125
4945,1,0.7500
4946,7,0.6429
4947,1,0.8000
4948,1,-0.6500
4949,1,-0.6500
4950,1,-0.6500
4951,2,0.3500
4952,2,0.1250
4953,1,-0.1500
4954,1,0.9000
4955,1,-0.6500
4956,1,-0.6500
4957,2,0.4150
4958,1,0.6000
4959,2,-0.0750
4960,3,0.3000
4961,1,-0.6500
4962,1,-0.6500
4963,1,-0.6500
4964,1,0.5000
4965,1,-0.1000
4966,1,0.5000
4967,2,-0.2750
4968,6,0.3633
4969,1,0.9500
4970,1,0.9500
4971,1,0.4500
4972,1,0.6500
4973,1,0.6500
4974,1,-0.3000
4975,3,0.7833
4976,1,-0.9000
4977,1,0.4000
4978,2,0.2000
4979,2,-0.2750
4980,1,0.7000
4981,1,0.8500
4982,1,0.6500
4983,2,-0.1250
4984,1,0.6000
4985,2,0.8500
4986,5,0.5200
4987,1,0.9000
4988,5,0.5700
4989,4,0.5500
4990,3,0.3000
4991,3,-0.2333
4992,2,0.4500
4993,2,0.8750
4994,1,0.6500
4995,2,0.4000
4996,2,0.4250
4997,1,0.2800
4998,4,0.7000
4999,1,0.7500
5000,2,0.3500
5001,2,0.8250
5002,1,-0.9500
5003,1,0.5000
5004,1,0.8500
5005,5,0.5900
5006,9,0.6944
5007,3,0.7667
5008,1,0.7500
5009,39,0.6679
5010,10,0.5600
5011,1,0.4000
5012,2,0.6000
5013,3,0.8167
5014,11,0.7409
5015,6,0.7417
5016,3,0.7500
5017,18,0.5944
5018,1,0.6500
5019,2,0.8250
5020,14,0.5536
5021,2,0.8250
5022,1,0.9500
5023,1,0.7000
5024,2,0.6000
5025,9,0.6389
5026,1,0.7500
5027,1,0.4500
5028,4,0.8125
5029,4,0.7125
5030,1,0.8000
5031,1,0.4500
5032,1,0.8500
5033,1,0.9000
5034,3,0.8333
5035,2,0.8500
5036,1,0.9000
5037,10,0.6600
5038,10,0.6750
5039,1,0.4500
5040,1,0.1500
5041,5,0.6800
5042,1,0.7000
5043,1,0.7500
5044,3,0.5000
5045,6,0.4500
5046,1,0.9500
5047,1,-0.1000
5048,1,0.1000
5049,1,-0.6000
5050,3,-0.2833
5051,1,0.7000
5052,1,1.0000
5053,1,-0.6500
5054,1,-0.6500
5055,1,-0.6500
5056,1,-0.6500
5057,1,0.2000
5058,1,1.0000
5059,7,0.2929
5060,3,0.1167
5061,1,-0.6500
5062,1,-0.6500
5063,1,0.6500
5064,1,1.0000
5065,1,0.4000
5066,9,0.5344
5067,4,0.7625
5068,34,0.3491
5069,1,0.1000
5070,22,0.5445
5071,6,0.7500
5072,5,0.9300
5073,6,0.5167
5074,2,0.2750
5075,2,0.5200
5076,36,0.4183
5077,3,0.3167
5078,4,0.3250
5079,1,0.6000
5080,30,0.7600
5081,3,0.8167
5082,16,0.7188
5083,3,0.5833
5084,61,0.7090
5085,1,0.2500
5086,4,0.5625
5087,24,0.8083
5088,3,0.8000
5089,1,0.2500
5090,4,0.7250
5091,1,0.8000
5092,3,0.7667
5093,2,0.7750
5094,15,0.7967
5095,32,0.7906
5096,19,0.7789
5097,56,0.7900
5098,1,0.9500
5099,1,0.8500
5100,22,0.8136
5101,1,0.4500
5102,23,0.7761
5103,13,0.7115
5104,4,0.8875
5105,2,0.7750
5106,1,0.6000
5107,3,0.8833
5108,3,0.7000
5109,3,0.7333
5110,3,0.6500
5111,1,0.9000
5112,1,0.3000
5113,1,0.8500
5114,6,0.7250
5115,1,1.0000
5116,2,0.7500
5117,5,0.7300
5118,3,0.2500
5119,1,-0.4000
5120,9,0.8167
5121,3,0.7667
5122,1,0.3500
5123,3,0.5667
5124,16,0.6844
5125,1,-0.5500
5126,5,0.7700
5127,2,0.3550
5128,15,0.6087
5129,1,0.1000
5130,4,0.6625
5131,1,0.2000
5132,1,0.7500
5133,3,0.7500
5134,1,0.8000
5135,4,0.7875
5136,10,0.8050
5137,10,0.8250
5138,12,0.8017
5139,9,0.6667
5140,1,0.6500
5141,1,0.7500
5142,5,0.6200
5143,6,0.9000
5144,2,0.3000
5145,4,0.5125
5146,62,0.7008
5147,11,0.6273
5148,5,0.7900
5149,3,0.8333
5150,4,0.7500
5151,1,0.7500
5152,4,0.7750
5153,5,0.8400
5154,1,0.2500
5155,1,0.4500
5156,1,0.2500
5157,2,0.6500
5158,1,0.5500
5159,1,-0.3000
5160,2,0.7500
5161,1,0.8000
5162,5,0.6800
5163,2,0.6000
5164,3,0.8500
5165,2,0.7750
5166,2,0.7000
5167,1,0.9500
5168,6,0.7417
5169,1,0.8500
5170,7,0.7714
5171,5,0.7500
5172,2,0.6000
5173,5,0.8000
5174,1,0.7000
5175,1,0.4000
5176,1,0.8500
5177,7,0.6714
5178,4,0.7125
5179,1,0.9000
5180,6,0.7083
5181,2,0.7500
5182,1,0.5500
5183,1,0.9500
5184,1,0.8500
5185,5,0.8300
5186,2,0.6750
5187,1,0.8500
5188,1,0.9000
5189,8,0.7312
5190,1,0.3500
5191,1,0.9000
5192,2,0.6750
5193,2,0.8500
5194,3,0.3333
5195,246,0.7211
5196,479,0.6944
5197,516,0.6762
5198,1034,0.6896
5199,1,0.8000
5200,5,0.7000
5201,1,0.9000
5202,8,0.8500
5203,2,0.7750
5204,8,0.7750
5205,2,0.8500
5206,1,0.4500
5207,16,0.7719
5208,1,0.0000
5209,32,0.7294
5210,50,0.7696
5211,8,0.8188
5212,6,0.8000
5213,1,1.0000
5214,1,0.8000
5215,18,0.7694
5216,5,0.6100
5217,4,0.5750
5218,1,0.7500
5219,1,0.9000
5220,2,0.4250
5221,34,0.6824
5222,2,0.8500
5223,2,0.8000
5224,33,0.7030
5225,2,0.7500
5226,2,0.1000
5227,4,0.7625
5228,9,0.4944
5229,2,0.7750
5230,7,0.7714
5231,20,0.5125
5232,3,0.8333
5233,2,0.1200
5234,1,0.9000
5235,1,0.9500
5236,1,0.3500
5237,16,0.6500
5238,44,0.6989
5239,29,0.5879
5240,54,0.7102
5241,46,0.7217
5242,1,-0.2000
5243,4,0.7875
5244,4,0.6375
5245,4,0.5250
5246,4,0.1625
5247,1,-0.6500
5248,1,-0.6500
5249,1,-0.6500
5250,1,0.6000
5251,1,0.8500
5252,1,-0.6500
5253,1,0.3000
5254,1,-0.6500
5255,1,0.1000
5256,1,0.5000
5257,1,-0.6500
5258,1,0.9000
5259,3,0.4333
5260,1,-0.6500
5261,1,0.1000
5262,1,-0.6500
5263,2,-0.0250
5264,1,-0.6500
5265,1,-0.6500
5266,1,-0.6500
5267,1,-0.6500
5268,1,-0.6500
5269,1,-0.6500
5270,1,-0.6500
5271,1,0.7500
5272,1,0.9500
5273,2,-0.2750
5274,1,0.9000
5275,1,0.7000
5276,1,-0.6500
5277,1,-0.6500
5278,2,-0.0750
5279,2,-0.1250
5280,5,0.1900
5281,3,0.3333
5282,9,0.4522
5283,3,0.6000
5284,1,0.3500
5285,1,0.5500
5286,1,0.9000
5287,3,0.1500
5288,1,0.0000
5289,1,-0.1000
5290,1,0.8500
5291,1,0.8000
5292,1,0.1000
5293,1,-0.6500
5294,1,-0.6500
5295,1,0.7500
5296,8,0.4938
5297,6,0.8600
5298,1,0.9000
5299,4,0.8125
5300,2,0.9000
5301,2,0.9000
5302,1,0.8500
5303,1,0.6000
5304,1,-0.6000
5305,1,-0.6500
5306,1,-0.6500
5307,1,0.1000
5308,1,-0.6500
5309,1,-0.6500
5310,2,0.1000
5311,1,0.1000
5312,1,0.7500
5313,1,0.9500
5314,1,0.7000
5315,7,0.4357
5316,1,0.5500
5317,1,0.6500
5318,2,0.9500
5319,1,0.1000
5320,1,0.9000
5321,10,0.0650
5322,1,0.1000
5323,1,0.1000
5324,1,1.0000
5325,1,-0.6500
5326,1,0.1000
5327,32,0.4188
5328,1,0.1000
5329,3,0.4667
5330,1,0.6000
5331,1,0.3000
5332,1,0.7000
5333,1,0.5500
5334,2,0.6750
5335,1,0.5000
5336,1,0.8500
5337,8,0.4775
5338,1,0.3500
5339,4,0.7500
5340,8,0.3625
5341,1,1.0000
5342,2,0.6750
5343,1,0.7000
5344,4,0.4000
5345,3,0.4000
5346,1,-0.6500
5347,1,-0.6500
5348,1,0.5000
5349,1,-0.6500
5350,4,0.1125
5351,1,-0.6500
5352,1,-0.0500
5353,6,0.3667
5354,4,0.0500
5355,26,0.4327
5356,3,0.5333
5357,1,0.1000
5358,1,-0.3000
5359,17,0.3335
5360,2,0.0500
5361,1,-0.6500
5362,1,0.8000
5363,2,0.8750
5364,1,-0.1000
5365,1,0.6000
5366,1,0.8500
5367,2,0.8000
5368,1,1.0000
5369,12,0.5967
5370,1,0.5000
5371,3,0.5333
5372,1,0.0000
5373,1,0.5500
5374,3,0.2167
5375,1,0.9500
5376,1,0.7500
5377,1,0.2500
5378,15,0.7307
5379,1,0.6000
5380,2,0.8750
5381,8,0.8512
5382,2,0.7500
5383,22,0.8641
5384,4,0.9375
5385,6,0.9000
5386,3,0.9167
5387,11,0.6727
5388,11,0.8318
5389,18,0.8056
5390,1,1.0000
5391,3,0.7000
5392,2,0.3000
5393,8,0.7312
5394,6,0.7750
5395,7,0.6857
5396,5,0.6000
5397,11,0.8109
5398,2,0.8000
5399,7,0.8143
5400,3,0.8333
5401,1,0.9000
5402,1,0.9500
5403,1,0.9500
5404,35,0.7191
5405,6,0.7667
5406,1,-0.6000
5407,1,0.8000
5408,4,0.6000
5409,10,0.6980
5410,12,0.7367
5411,1,0.7400
5412,12,0.8192
5413,15,0.7367
5414,32,0.7956
5415,9,0.7778
5416,1,0.9500
5417,1,1.0000
5418,12,0.7833
5419,7,0.7686
5420,1,0.8500
5421,1,0.9500
5422,1,0.9500
5423,2,0.8000
5424,4,0.5250
5425,9,0.8756
5426,17,0.8259
5427,2,0.7500
5428,28,0.7536
5429,1,0.9500
5430,1,1.0000
5431,1,-0.6500
5432,1,0.1000
5433,2,-0.0500
5434,1,0.2000
5435,1,0.3500
5436,2,-0.1250
5437,2,0.0000
5438,1,0.8000
5439,2,0.1250
5440,1,0.8500
5441,1,-0.6500
5442,1,0.1000
5443,4,0.5375
5444,1,0.3500
5445,3,0.0500
5446,2,0.5750
5447,44,0.5320
5448,1,0.5500
5449,2,0.0250
5450,1,0.2500
5451,31,0.7323
5452,5,0.8200
5453,1,0.9000
5454,1,0.3500
5455,70,0.7071
5456,2,0.8750
5457,1,0.7000
5458,1,0.8000
5459,74,0.7462
5460,1,0.6500
5461,1,0.7500
5462,1,0.9500
5463,4,0.6625
5464,295,0.5915
5465,42,0.7417
5466,1,0.2500
5467,1,0.8000
5468,1,0.8500
5469,1,0.8500
5470,1,0.8500
5471,1,0.9000
5472,4,0.6250
5473,26,0.7742
5474,19,0.6084
5475,3,0.9000
5476,2,0.8750
5477,1,0.4500
5478,12,0.6875
5479,2,0.7900
5480,136,0.6474
5481,2,0.6800
5482,2,0.7150
5483,1,-0.5000
5484,125,0.6320
5485,1,0.7000
5486,1,0.9500
5487,1,0.6500
5488,200,0.5790
5489,6,0.5083
5490,3,0.8433
5491,1,0.4000
5492,2,0.6250
5493,120,0.6426
5494,5,0.7560
5495,7,0.5571
5496,8,0.7912
5497,1,0.4000
5498,9,0.6500
5499,3,0.5333
5500,1,0.9500
5501,1,1.0000
5502,14,0.4679
5503,2,0.8500
5504,1,0.5000
5505,3,0.7000
5506,2,0.7500
5507,24,0.6042
5508,1,0.6600
5509,1,0.3500
5510,3,0.6667
5511,9,0.7056
5512,1,0.6500
5513,5,0.6700
5514,3,0.6000
5515,1,0.7000
5516,1,0.8500
5517,6,0.6750
5518,3,0.4367
5519,1,0.1000
5520,4,0.6875
5521,6,0.6833
5522,4,0.4900
5523,3,0.8167
5524,1,0.9500
5525,5,0.7700
5526,2,0.9250
5527,1,0.8500
5528,3,0.7200
5529,3,0.5700
5530,1,0.8500
5531,2,0.9250
5532,5,0.8700
5533,1,1.0000
5534,1,0.9500
5535,1,0.9500
5536,24,0.8088
5537,14,0.7750
5538,7,0.8786
5539,5,0.8500
5540,9,0.7556
5541,9,0.7444
5542,1,0.7500
5543,2,0.7250
5544,3,0.6500
5545,11,0.7773
5546,38,0.7461
5547,1,0.5500
5548,7,0.7786
5549,1,0.6000
5550,1,0.5500
5551,2,0.7000
5552,3,0.8167
5553,2,0.3000
5554,10,0.6750
5555,3,0.9000
5556,13,0.8115
5557,8,0.8312
5558,1,0.7500
5559,3,0.8167
5560,1,0.7000
5561,8,0.8125
5562,1,0.9000
5563,2,0.8000
5564,10,0.7400
5565,1,0.9500
5566,15,0.7900
5567,5,0.8500
5568,12,0.7250
5569,10,0.8050
5570,1,0.6500
5571,1,0.7500
5572,3,0.9000
5573,1,0.5000
5574,8,0.7438
5575,11,0.5955
5576,1,0.7300
5577,1,0.7000
5578,8,0.6188
5579,1,0.9000
5580,1,1.0000
5581,2,0.8250
5582,25,0.7600
5583,8,0.8125
5584,2,0.8000
5585,6,0.8167
5586,1,0.8000
5587,7,0.7429
5588,7,0.7071
5589,4,0.8125
5590,13,0.6192
5591,1,-0.3500
5592,1,0.7500
5593,3,0.8333
5594,1,0.7500
5595,2,0.5750
5596,8,0.7812
5597,8,0.6812
5598,2,0.6500
5599,10,0.6800
5600,22,0.7000
5601,7,0.8571
5602,1,0.9000
5603,3,0.8333
5604,1,0.6500
5605,24,0.6812
5606,6,0.6667
5607,5,0.2600
5608,5,0.6100
5609,1,-0.6500
5610,9,0.7667
5611,5,0.4900
5612,3,0.6800
5613,13,0.7115
5614,1,0.5000
5615,1,0.3500
5616,3,0.3800
5617,3,0.8167
5618,1,0.7500
5619,3,0.1500
5620,1,-0.6500
5621,1,0.7500
5622,1,0.7500
5623,1,0.7000
5624,1,0.7000
5625,6,0.6583
5626,1,0.7000
5627,6,0.5667
5628,4,0.4750
5629,1,0.9000
5630,3,0.6833
5631,1,1.0000
5632,2,0.6350
5633,2,0.6750
5634,2,0.3250
5635,1,0.7000
5636,1,0.1000
5637,1,0.0500
5638,1,0.7000
5639,1,0.5000
5640,3,0.6500
5641,1,0.7000
5642,1,0.9000
5643,6,0.6083
5644,2,0.3750
5645,2,0.8500
5646,2,0.9000
5647,3,0.2500
5648,1,0.6000
5649,2,0.4750
5650,1,0.4500
5651,1,0.7000
5652,2,0.5750
5653,1,0.5000
5654,2,0.6500
5655,1,0.1000
5656,1,0.7000
5657,1,0.7000
5658,2,0.8000
5659,4,0.5625
5660,3,0.4833
5661,1,0.0000
5662,1,0.5500
5663,3,-0.0167
5664,3,0.9167
5665,10,0.6000
5666,2,0.8250
5667,21,0.3500
5668,1,0.1000
5669,1,0.6500
5670,1,0.8500
5671,1,-0.3000
5672,5,0.5200
5673,26,0.3115
5674,2,0.3250
5675,1,0.8500
5676,1,0.8500
5677,1,0.9000
5678,2,0.1750
5679,2,0.8500
5680,8,0.8438
5681,1,0.2000
5682,1,0.9500
5683,1,1.0000
5684,1,0.7500
5685,1,0.5500
5686,27,0.4907
5687,1,0.0000
5688,1,0.9000
5689,5,0.6440
5690,1,1.0000
5691,1,0.6500
5692,3,0.5167
5693,1,0.5500
5694,1,0.2500
5695,1,-0.2000
5696,1,0.6500
5697,1,0.8500
5698,4,0.6125
5699,11,0.5636
5700,11,0.6136
5701,22,0.4341
5702,1,0.1000
5703,1,0.8500
5704,8,0.6812
5705,3,0.7333
5706,6,0.6833
5707,11,0.5000
5708,4,0.6375
5709,2,0.5750
5710,1,0.8500
5711,1,0.7500
5712,1,-0.4000
5713,1,0.7500
5714,1,-0.4000
5715,5,0.7300
5716,4,0.3500
5717,1,0.7000
5718,3,0.1500
5719,1,0.8000
5720,1,-0.6500
5721,8,0.6438
5722,4,0.7000
5723,3,0.8000
5724,2,0.6750
5725,2,0.6000
5726,1,0.7000
5727,6,0.7167
5728,2,0.4250
5729,53,0.6451
5730,1,0.6500
5731,1,0.8000
5732,10,0.7050
5733,1,-0.4000
5734,1,0.4000
5735,4,0.8750
5736,1,0.6500
5737,1,-0.4500
5738,1,0.5500
5739,1,1.0000
5740,1,0.9000
5741,8,0.7125
5742,3,0.6833
5743,5,0.8100
5744,5,0.8300
5745,2,0.8000
5746,3,0.8167
5747,2,0.4750
5748,1,0.9000
5749,1,0.9000
5750,1,0.7000
5751,1,0.7000
5752,1,0.8000
5753,1,0.3500
5754,3,0.7833
5755,6,0.7333
5756,2,0.6500
5757,16,0.7781
5758,25,0.7940
5759,32,0.7391
5760,21,0.8143
5761,1,-0.1500
5762,14,0.8250
5763,6,0.6500
5764,1,0.9500
5765,17,0.6206
5766,10,0.7300
5767,33,0.5645
5768,14,0.7643
5769,4,0.0875
5770,8,0.4375
5771,3,0.5167
5772,1,0.9000
5773,5,0.5000
5774,2,0.8500
5775,62,0.7766
5776,1,0.2000
5777,1,0.6500
5778,10,0.7350
5779,1,0.1500
5780,6,0.3583
5781,2,0.0000
5782,1,0.4500
5783,15,0.7600
5784,1,0.6000
5785,33,0.7591
5786,54,0.7426
5787,3,0.6333
5788,1,0.7000
5789,5,0.3100
5790,8,0.6225
5791,7,0.6214
5792,4,0.6250
5793,3,0.6500
5794,1,0.8500
5795,2,0.3200
5796,1,0.9000
5797,2,0.5750
5798,2,0.7750
5799,9,0.4389
5800,16,0.6781
5801,1,0.9000
5802,1,0.5000
5803,1,0.6500
5804,1,-0.1500
5805,1,0.9000
5806,1,0.5000
5807,18,0.7750
5808,5,0.5400
5809,2,0.6000
5810,3,0.8233
5811,7,0.6771
5812,17,0.5635
5813,9,0.5822
5814,1,0.8500
5815,4,0.2875
5816,2,-0.5500
5817,5,-0.1500
5818,1,-0.4000
5819,7,0.4814
5820,7,0.8171
5821,1,0.0000
5822,1,0.6000
5823,1,1.0000
5824,3,0.2833
5825,1,0.6700
5826,1,0.6500
5827,1,0.9000
5828,2,0.7500
5829,1,0.6500
5830,5,0.6880
5831,8,0.5500
5832,6,0.8000
5833,6,0.8167
5834,7,0.8286
5835,10,0.7300
5836,4,0.7625
5837,7,0.5571
5838,6,0.8000
5839,1,0.4000
5840,1,0.1500
5841,37,0.7905
5842,30,0.7533
5843,32,0.7609
5844,1,0.9000
5845,17,0.7206
5846,14,0.7500
5847,27,0.7270
5848,10,0.5830
5849,3,0.7100
5850,1,0.9000
5851,1,0.9500
5852,9,0.8278
5853,2,0.1000
5854,3,0.3500
5855,1,-0.6500
5856,1,0.7000
5857,1,0.9000
5858,1,-0.4000
5859,1,-0.4000
5860,2,0.4500
5861,1,0.5500
5862,1,0.3500
5863,1,1.0000
5864,1,1.0000
5865,2,0.8250
5866,1,0.8000
5867,1,0.6400
5868,15,0.6400
5869,2,0.6400
5870,1,0.8500
5871,2,0.8800
5872,22,0.7459
5873,2,0.7700
5874,10,0.7740
5875,11,0.7909
5876,14,0.7300
5877,5,0.7420
5878,1,0.9500
5879,3,0.4500
5880,5,0.8420
5881,9,0.5389
5882,1,-0.0500
5883,1,0.2500
5884,3,0.8333
5885,8,0.6812
5886,7,0.6071
5887,1,0.9500
5888,2,0.9000
5889,6,0.6417
5890,11,0.6636
5891,3,0.8333
5892,1,0.4500
5893,2,0.8750
5894,1,0.8500
5895,1,0.3000
5896,2,0.7250
5897,2,0.9000
5898,1,0.9000
5899,1,0.3500
5900,1,1.0000
5901,3,0.6500
5902,4,0.8625
5903,9,0.6444
5904,4,0.6525
5905,5,0.7400
5906,1,0.0500
5907,2,0.6500
5908,1,0.5000
5909,1,0.7000
5910,1,0.7000
5911,9,0.5500
5912,5,0.6620
5913,3,0.7167
5914,5,0.7900
5915,18,0.6667
5916,6,0.7250
5917,6,0.7617
5918,4,0.7500
5919,3,0.8667
5920,3,0.7167
5921,6,0.7333
5922,1,-0.1000
5923,4,0.6375
5924,2,0.9000
5925,1,0.6000
5926,3,0.9000
5927,1,1.0000
5928,1,0.6500
5929,4,0.8250
5930,1,0.9500
5931,4,0.1250
5932,1,0.6500
5933,1,0.6500
5934,7,0.6571
5935,10,0.7550
5936,1,0.9000
5937,28,0.7679
5938,1,0.7000
5939,1,0.5500
5940,20,0.8400
5941,26,0.8192
5942,2,0.1750
5943,11,0.3045
5944,6,0.7083
5945,8,0.4188
5946,13,0.4192
5947,6,0.7333
5948,12,0.7292
5949,3,0.0667
5950,2,0.2500
5951,1,1.0000
5952,1,-0.0500
5953,1,0.3500
5954,1,0.9000
5955,1,-0.6500
5956,1,0.6500
5957,1,-0.5000
5958,1,0.2500
5959,1,1.0000
5960,2,0.9500
5961,2,0.8750
5962,4,0.5125
5963,5,0.6800
5964,10,0.5250
5965,1,0.5000
5966,4,0.5500
5967,8,0.7375
5968,2,0.7250
5969,4,0.7250
5970,3,0.6667
5971,21,0.5119
5972,1,0.6500
5973,1,0.7500
5974,13,0.4538
5975,1,0.9000
5976,11,0.7864
5977,65,0.6915
5978,41,0.7183
5979,1,0.5500
5980,1,-0.3000
5981,17,0.7412
5982,37,0.7462
5983,3,0.8500
5984,49,0.7653
5985,20,0.7300
5986,29,0.5483
5987,1,0.0500
5988,13,0.7154
5989,3,0.7500
5990,13,0.6192
5991,6,0.5417
5992,1,-0.3000
5993,3,0.6833
5994,7,0.7500
5995,3,0.7167
5996,3,0.6833
5997,4,0.7000
5998,13,0.7154
5999,4,0.7100
6000,1,0.8500
6001,3,0.7167
6002,24,0.5979
6003,81,0.6475
6004,3,0.2233
6005,13,0.7808
6006,1,0.6500
6007,7,0.4857
6008,7,0.3929
6009,5,0.7500
6010,28,0.6107
6011,1,0.8000
6012,1,0.8000
6013,1,0.8000
6014,1,0.8000
6015,1,0.8000
6016,73,0.5055
6017,6,0.6917
6018,2,0.7750
6019,1,0.5500
6020,1,0.8000
6021,1,0.8000
6022,1,0.8000
6023,11,0.5409
6024,19,0.6300
6025,1,0.8500
6026,13,0.6808
6027,32,0.6662
6028,239,0.6738
6029,1,-0.4000
6030,544,0.6428
6031,43,0.5814
6032,79,0.6823
6033,2,0.7250
6034,1,0.9000
6035,792,0.6264
6036,133,0.6744
6037,406,0.6363
6038,1,0.6000
6039,1,0.8500
6040,3,0.0167
6041,252,0.6534
6042,27,0.3852
6043,1698,0.6386
6044,4,0.6000
6045,396,0.6494
6046,2,-0.1250
6047,1,0.7000
6048,4,0.8000
6049,1,1.0000
6050,1,0.8000
6051,1,0.6000
6052,1,0.7000
6053,11,0.6045
6054,1,0.4000
6055,2,0.6500
6056,1,0.1000
6057,2,0.7500
6058,1,0.7000
6059,2,-0.0450
6060,1,0.4500
6061,1,0.9500
6062,7,0.5929
6063,17,0.3706
6064,7,0.3214
6065,3,0.4333
6066,1,0.9500
6067,2,0.8250
6068,1,0.8000
6069,1,0.2500
6070,16,0.7031
6071,7,0.5929
6072,1,0.6200
6073,4,0.8625
6074,1,0.5000
6075,1,-0.7500
6076,10,0.6150
6077,30,0.6350
6078,20,0.6700
6079,4,0.6125
6080,9,0.5389
6081,5,0.5200
6082,15,0.6100
6083,6,0.6833
6084,3,0.3000
6085,1,0.7500
6086,18,0.6039
6087,25,0.6760
6088,3,0.8500
6089,5,0.7900
6090,3,0.5167
6091,6,0.7917
6092,13,0.6854
6093,1,0.7500
6094,19,0.7316
6095,1,0.8500
6096,30,0.7017
6097,9,0.4389
6098,4,0.6550
6099,7,0.6357
6100,17,0.5918
6101,1,0.9000
6102,1,1.0000
6103,37,0.6311
6104,11,0.5545
6105,42,0.6814
6106,29,0.5938
6107,10,0.6750
6108,259,0.6147
6109,1,0.8000
6110,1,0.8000
6111,126,0.6115
6112,3,0.3333
6113,1,0.7000
6114,1,0.8000
6115,1,0.8000
6116,1,0.8000
6117,1,0.6500
6118,19,0.7289
6119,35,0.6614
6120,49,0.7051
6121,3,0.5333
6122,61,0.7459
6123,29,0.6931
6124,15,0.7133
6125,1139,0.6133
6126,631,0.6410
6127,3,0.6667
6128,13,0.7846
6129,5,0.6400
6130,4,0.8250
6131,72,0.6276
6132,53,0.6092
6133,67,0.5857
6134,18,0.6556
6135,5,0.6300
6136,1697,0.6307
6137,140,0.6718
6138,1,0.9500
6139,2,0.4750
6140,2,0.7750
6141,2,0.7000
6142,7,0.6929
6143,4,0.7625
6144,1,0.6000
6145,1,0.9500
6146,7,0.7214
6147,3,0.6933
6148,5,0.5800
6149,53,0.7630
6150,2,0.7500
6151,6,0.7983
6152,21,0.6524
6153,2,0.7250
6154,2,0.8750
6155,51,0.7118
6156,4,0.7750
6157,3,0.5767
6158,2,0.7500
6159,22,0.6636
6160,35,0.7640
6161,45,0.6900
6162,2,0.7250
6163,4,0.6900
6164,5,0.6340
6165,3,0.8167
6166,55,0.6782
6167,27,0.7315
6168,2,0.5500
6169,1,0.6000
6170,4,0.7250
6171,8,0.5875
6172,41,0.5866
6173,1,0.6500
6174,3,0.7833
6175,1,0.4000
6176,1,0.9000
6177,1,0.8000
6178,1,0.8500
6179,1,0.9000
6180,1,0.9000
6181,1,0.6000
6182,1,0.9000
6183,1,0.8500
6184,1,0.9500
6185,1,1.0000
6186,1,0.5000
6187,1,1.0000
6188,2,0.7900
6189,8,0.7562
6190,8,0.7312
6191,5,0.6700
6192,1,0.7500
6193,4,0.8750
6194,1,0.9000
6195,1,0.6000
6196,49,0.6776
6197,50,0.7080
6198,82,0.6433
6199,45,0.6256
6200,47,0.7074
6201,5,0.7100
6202,1,0.8500
6203,2,0.7500
6204,6,0.6750
6205,1,0.9000
6206,3,0.8167
6207,11,0.6091
6208,4,0.6625
6209,1,0.9000
6210,9,0.8056
6211,8,0.6875
6212,9,0.6556
6213,6,0.1333
6214,2,0.3750
6215,1,0.8500
6216,2,0.4250
6217,12,0.5875
6218,1,0.9000
6219,3,0.7167
6220,19,0.7605
6221,47,0.7191
6222,1,-0.6500
6223,1,0.4000
6224,1,-0.6500
6225,3,0.1000
6226,1,-0.6500
6227,1,-0.6500
6228,1,-0.6500
6229,2,0.8750
6230,2,0.8750
6231,2,0.6250
6232,1,0.9000
6233,4,0.7875
6234,6,0.7250
6235,4,0.8375
6236,3,0.8333
6237,1,0.9000
6238,2,0.9000
6239,1,0.7500
6240,1,0.8000
6241,1,0.8500
6242,3,0.5500
6243,6,0.6667
6244,3,0.8167
6245,2,0.5250
6246,1,0.5500
6247,1,0.8500
6248,1,0.8500
6249,2,0.6500
6250,7,0.4357
6251,20,0.6925
6252,1,1.0000
6253,6,0.7000
6254,2,0.4250
6255,6,0.8750
6256,3,0.5000
6257,1,0.9000
6258,5,0.7600
6259,1,0.7000
6260,3,0.7500
6261,14,0.6000
6262,5,0.4600
6263,5,0.9100
6264,3,0.5833
6265,26,0.5892
6266,1,0.4000
6267,1,0.9000
6268,1,0.7000
6269,3,0.5833
6270,1,0.9000
6271,1,0.9000
6272,2,0.7000
6273,2,0.2500
6274,1,0.8500
6275,1,-0.1500
6276,1,0.1500
6277,1,1.0000
6278,2,0.5250
6279,2,0.5800
6280,3,0.2833
6281,2,0.2000
6282,15,0.5187
6283,3,0.6367
6284,3,0.4000
6285,2,0.7000
6286,1,0.3500
6287,1,-0.6500
6288,1,1.0000
6289,1,0.7500
6290,1,0.4000
6291,11,0.4882
6292,2,0.3250
6293,2,0.1500
6294,11,0.3636
6295,1,0.4000
6296,4,0.4250
6297,1,0.8500
6298,3,0.3667
6299,2,0.4750
6300,11,0.6045
6301,1,0.9000
6302,11,0.6955
6303,2,-0.4250
6304,3,0.8500
6305,57,0.5939
6306,76,0.6132
6307,1,0.8500
6308,34,0.6706
6309,1,0.3000
6310,2,0.6750
6311,1,0.3000
6312,1,0.7000
6313,1,0.9500
6314,1,0.8000
6315,2,-0.0500
6316,42,0.7107
6317,2,0.5250
6318,1,0.8500
6319,5,0.4000
6320,4,0.5750
6321,1,-0.0500
6322,1,0.7000
6323,5,0.5400
6324,19,0.7184
6325,43,0.6860
6326,8,0.5625
6327,8,0.6750
6328,41,0.7000
6329,1,0.9000
6330,1,0.9000
6331,2,0.7550
6332,1,0.9000
6333,15,0.7867
6334,4,0.2250
6335,3,0.9167
6336,8,0.4688
6337,1,0.6600
6338,13,0.4692
6339,4,0.5875
6340,2,0.3000
6341,1,0.9000
6342,1,1.0000
6343,1,0.8000
6344,1,0.5500
6345,1,0.7500
6346,1,-0.0500
6347,1,-0.7000
6348,8,0.5812
6349,5,0.0400
6350,1,-0.7000
6351,8,0.6688
6352,35,0.6114
6353,17,0.5765
6354,16,0.7562
6355,4,0.8000
6356,6,0.3917
6357,3,0.8167
6358,1,0.4000
6359,2,0.4500
6360,1,0.6000
6361,6,0.6083
6362,1,0.7500
6363,3,0.6333
6364,3,0.6333
6365,1,0.4500
6366,9,0.6278
6367,9,0.6722
6368,1,0.8500
6369,9,0.7333
6370,9,0.5122
6371,2,0.7000
6372,19,0.7263
6373,24,0.7229
6374,4,0.6250
6375,22,0.5727
6376,23,0.6196
6377,10,0.4600
6378,1,0.1500
6379,1,0.8500
6380,2,0.4500
6381,1,0.5000
6382,1,0.3500
6383,1,0.9500
6384,5,0.7700
6385,15,0.6267
6386,4,0.4000
6387,2,0.8750
6388,2,0.5250
6389,2,0.6000
6390,1,0.7500
6391,3,0.7500
6392,3,0.6333
6393,1,0.9500
6394,1,0.6000
6395,3,0.4000
6396,1,0.2000
6397,5,0.6600
6398,2,0.8000
6399,1,0.8500
6400,1,-0.4000
6401,5,0.6000
6402,5,0.3600
6403,25,0.4208
6404,3,0.4833
6405,1,0.8500
6406,1,0.3500
6407,4,0.3875
6408,1,0.8500
6409,1,0.4000
6410,2,0.6700
6411,1,-0.6000
6412,1,0.8000
6413,1,0.0000
6414,5,0.3900
6415,2,0.4000
6416,3,0.6500
6417,1,0.6700
6418,1,0.5500
6419,1,0.8500
6420,1,0.6500
6421,1,-0.1500
6422,1,0.7000
6423,6,0.7333
6424,2,0.7000
6425,10,0.6550
6426,1,0.9000
6427,1,0.9000
6428,1,0.9000
6429,1,-0.1000
6430,3,0.5167
6431,1,0.6500
6432,1,0.3500
6433,1,0.2500
6434,1,0.3200
6435,1,0.4000
6436,3,0.1667
6437,1,0.6500
6438,7,0.6857
6439,13,0.7231
6440,1,0.9000
6441,3,0.8167
6442,5,0.6700
6443,1,0.9000
6444,1,0.8500
6445,2,0.6750
6446,1,0.8500
6447,1,0.8000
6448,1,1.0000
6449,1,-0.6500
6450,1,-0.6500
6451,1,-0.6500
6452,1,0.8500
6453,1,0.9000
6454,1,-0.6500
6455,18,0.4844
6456,7,0.7214
6457,2,-0.3500
6458,1,-0.6500
6459,1,0.1000
6460,1,0.6000
6461,5,0.8200
6462,1,0.9000
6463,5,0.7460
6464,1,-0.0500
6465,1,0.9500
6466,2,0.1500
6467,5,0.7900
6468,4,0.8000
6469,14,0.6929
6470,11,0.8273
6471,3,0.9000
6472,1,0.4000
6473,2,0.6350
6474,2,0.6000
6475,19,0.5179
6476,1,0.8500
6477,1,0.3500
6478,3,0.7233
6479,1,0.7000
6480,1,-0.6500
6481,1,-0.6500
6482,1,-0.1000
6483,1,0.8500
6484,1,-0.1000
6485,1,0.8000
6486,6,0.7500
6487,5,0.8100
6488,8,0.7875
6489,2,0.5500
6490,1,1.0000
6491,1,0.8500
6492,2,0.9250
6493,1,1.0000
6494,2,0.9500
6495,2,0.9500
6496,4,0.7250
6497,2,0.8500
6498,1,0.9000
6499,2,0.9500
6500,1,0.7500
6501,1,0.8000
6502,4,0.5625
6503,4,0.4750
6504,11,0.6909
6505,1,0.8500
6506,8,0.9000
6507,2,0.6750
6508,5,0.7100
6509,1,0.9000
6510,2,0.9250
6511,2,0.7250
6512,1,0.9000
6513,1,0.9500
6514,2,0.8750
6515,1,0.7500
6516,3,0.5833
6517,2,0.4250
6518,3,0.4833
6519,1,0.0500
6520,1,1.0000
6521,1,1.0000
6522,1,0.1500
6523,29,0.6983
6524,2,0.6000
6525,2,0.4500
6526,1,0.9000
6527,2,0.9000
6528,1,0.8500
6529,1,0.1500
6530,1,-0.3500
6531,1,0.5000
6532,1,0.3500
6533,1,0.1500
6534,1,0.5000
6535,1,0.9000
6536,1,0.7000
6537,1,0.6500
6538,1,0.9500
6539,61,0.6787
6540,28,0.7482
6541,8,0.7312
6542,88,0.7068
6543,2,0.9500
6544,6,0.7750
6545,5,0.8100
6546,3,0.8500
6547,1,0.9500
6548,6,0.8167
6549,1,0.9000
6550,39,0.7321
6551,1,0.9500
6552,2,0.5000
6553,8,0.6938
6554,2,0.4500
6555,4,0.6500
6556,4,0.6750
6557,1,0.5000
6558,14,0.5214
6559,3,0.7833
6560,17,0.5559
6561,3,0.7500
6562,1,0.9000
6563,1,0.0000
6564,1,0.8500
6565,2,0.4500
6566,2,0.6500
6567,1,0.5000
6568,1,0.4000
6569,10,0.6290
6570,1,0.8000
6571,1,0.2500
6572,1,0.2500
6573,2,0.2700
6574,1,-0.6000
6575,1,-0.1000
6576,1,1.0000
6577,3,0.8500
6578,10,0.8100
6579,12,0.7417
6580,1,1.0000
6581,9,0.7011
6582,23,0.6243
6583,1,0.8000
6584,1,0.3500
6585,2,0.8500
6586,6,0.7100
6587,3,0.8500
6588,1,0.6000
6589,1,0.9500
6590,1,0.6500
6591,1,1.0000
6592,1,0.6500
6593,1,1.0000
6594,7,0.6500
6595,3,0.8667
6596,7,0.6286
6597,2,0.7750
6598,11,0.7409
6599,5,0.8400
6600,2,0.8400
6601,1,0.8000
6602,2,0.8250
6603,2,0.6000
6604,1,1.0000
6605,1,0.8500
6606,1,0.8000
6607,1,0.9500
6608,1,0.9500
6609,1,0.2000
6610,1,0.8000
6611,11,0.6909
6612,14,0.7571
6613,3,0.6333
6614,1,1.0000
6615,15,0.7767
6616,6,0.8667
6617,6,0.6500
6618,1,1.0000
6619,4,0.8250
6620,4,0.7250
6621,2,0.8000
6622,1,0.9500
6623,1,0.6000
6624,24,0.5875
6625,5,0.8100
6626,1,0.9500
6627,5,0.6200
6628,12,0.6250
6629,1,0.0500
6630,14,0.5857
6631,2,0.9500
6632,3,0.8000
6633,3,0.7667
6634,1,0.7500
6635,1,0.6500
6636,1,0.2500
6637,3,0.7333
6638,22,0.5132
6639,2,0.6000
6640,2,0.8000
6641,1,0.9500
6642,4,0.6250
6643,1,0.7500
6644,6,0.4867
6645,9,0.6944
6646,16,0.7025
6647,1,0.7000
6648,3,0.6833
6649,2,0.8250
6650,1,0.6000
6651,1,0.6500
6652,1,0.9500
6653,1,0.9500
6654,7,0.5714
6655,1,0.0500
6656,1,-0.3500
6657,23,0.7587
6658,15,0.7700
6659,25,0.8120
6660,1,0.9500
6661,2,0.9250
6662,3,0.9500
6663,5,0.6600
6664,2,0.8500
6665,2,0.5500
6666,5,0.8200
6667,6,0.7833
6668,2,0.8750
6669,13,0.6038
6670,6,0.7333
6671,21,0.6286
6672,1,0.7000
6673,2,0.7750
6674,5,0.4600
6675,25,0.6760
6676,2,0.9500
6677,2,0.9250
6678,1,0.9000
6679,1,0.6000
6680,1,0.0500
6681,1,0.9500
6682,5,0.5120
6683,1,0.8000
6684,1,0.6000
6685,9,0.2167
6686,1,0.8000
6687,5,0.3700
