1,1,1.7000
2,1,4.8000
3,1,4.8000
4,1,3.4000
5,1,2.4000
6,1,4.9000
7,1,3.9000
8,1,4.2000
9,2,4.9500
10,1,4.9000
11,5,4.4400
12,22,4.3545
13,10,4.6200
14,3,4.1667
15,4,4.6250
16,5,4.7200
17,4,4.6250
18,21,4.3190
19,3,4.8000
20,16,4.3062
21,1,4.8000
22,2,4.7500
23,13,4.7077
24,1,3.2000
25,31,4.1000
26,441,4.2356
27,43,4.2674
28,14,4.3071
29,34,4.3245
30,8,4.4625
31,1,4.8000
32,19,4.0316
33,3,4.5000
34,141,4.3143
35,31,3.9193
36,1,4.4000
37,7,3.9478
38,51,4.0657
39,1,4.3000
40,66,4.4652
41,2,4.7000
42,2,4.8500
43,67,4.5075
44,3,4.6000
45,105,4.4133
46,1,4.7000
47,1,3.4000
48,1,4.5000
49,25,4.2040
50,126,4.3500
51,2,4.6000
52,1,3.7000
53,110,4.3378
54,4,4.6250
55,3,4.7667
56,1,4.9000
57,46,4.5283
58,32,4.0688
59,1,3.8000
60,1,4.7000
61,1,2.4000
62,1,4.6000
63,1,4.3000
64,1,4.9000
65,2,4.5500
66,1,3.4000
67,7,4.7714
68,1,4.5000
69,81,4.5074
70,3,3.9000
71,1,4.2000
72,51,4.3281
73,258,4.4103
74,1,4.2000
75,1,4.8000
76,9,4.4080
77,32,4.4344
78,2,4.8500
79,86,4.5349
80,24,4.5667
81,19,4.0539
82,2,3.8000
83,1,4.4000
84,1,5.0000
85,1,4.1250
86,1,4.9000
87,2,4.8000
88,3,4.6000
89,2,4.2000
90,3,4.4667
91,1,4.7000
92,5,4.3600
93,6,4.0167
94,1,3.3000
95,6,4.0600
96,2,4.3500
97,1,4.6000
98,1,4.7000
99,7,4.4143
100,1,4.7000
101,6,4.6833
102,1,4.6000
103,1,4.5000
104,1,4.9000
105,1,4.6000
106,1,5.0000
107,28,4.4536
108,3,4.6333
109,13,4.4385
110,1,2.0000
111,1,4.3000
112,1,4.4000
113,3,4.0333
114,1,3.7000
115,1,1.7000
116,1,5.0000
117,2,4.4500
118,1,4.1000
119,1,4.3000
120,1,4.4000
121,1,4.3000
122,6,4.4667
123,2,4.8000
124,1,4.5000
125,1,4.8000
126,3,3.5000
127,1,2.8000
128,1,4.6000
129,1,5.0000
130,2,3.1500
131,1,3.7000
132,2,2.9000
133,2,4.4500
134,2,4.3000
135,1,4.3000
136,2,4.6000
137,10,4.5800
138,1,4.8000
139,1,4.6000
140,7,4.6857
141,2,4.4500
142,6,4.7000
143,4,4.6750
144,1,4.2000
145,1,1.7000
146,1,1.7000
147,1,4.4000
148,2,3.8500
149,1,4.1000
150,1,4.8000
151,1,4.4000
152,1,4.5000
153,2,4.1188
154,4,4.2250
155,4,4.1500
156,1,5.0000
157,1,4.9000
158,2,4.6500
159,3,3.9667
160,2,2.3500
161,1,2.9000
162,1,4.9000
163,1,5.0000
164,3,4.3333
165,1,4.3000
166,1,3.1000
167,9,3.5654
168,1,4.9000
169,1,4.9000
170,2,4.2000
171,1,5.0000
172,1,4.1000
173,5,4.5200
174,1,3.1000
175,3,4.6000
176,1,4.5000
177,2,3.9500
178,1,4.1000
179,2,4.1500
180,1,4.1000
181,4,4.3000
182,1,5.0000
183,14,3.8089
184,2,4.4000
185,1,3.1000
186,1,5.0000
187,3,4.7667
188,1,4.1000
189,1,5.0000
190,7,4.3451
191,1,4.4000
192,2,4.0000
193,1,4.1000
194,1,4.2500
195,1,4.4000
196,2,3.7500
197,1,5.0000
198,1,4.9000
199,1,4.3778
200,1,3.9000
201,1,4.6000
202,13,4.2692
203,9,4.1000
204,1,4.6000
205,1,4.2000
206,1,4.7000
207,1,4.7000
208,7,4.2571
209,1,4.8000
210,2,4.3500
211,4,4.5500
212,1,3.8000
213,3,4.3000
214,1,5.0000
215,1,3.9000
216,2,4.7000
217,2,2.4000
218,1,4.3498
219,5,3.8399
220,1,4.7000
221,1,3.2000
222,2,4.3500
223,5,4.3800
224,8,4.0000
225,2,4.4749
226,1,4.5000
227,2,3.1500
228,2,3.6749
229,1,4.1000
230,1,4.4000
231,3,4.4667
232,1,4.6000
233,1,4.9000
234,1,4.6000
235,3,4.3667
236,1,4.6000
237,1,4.6000
238,36,4.1194
239,4,4.4500
240,2,3.8500
241,11,4.5000
242,64,4.5375
243,2,4.8500
244,1,4.3498
245,6,4.5167
246,2,2.9000
247,16,4.5688
248,22,4.4467
249,39,4.3315
250,2,4.4000
251,7,4.4143
252,1,4.8000
253,6,4.7000
254,1,4.9000
255,16,4.3500
256,3,4.6000
257,1,4.7000
258,18,4.0500
259,9,4.5191
260,4,4.5000
261,12,4.2167
262,1,4.5000
263,11,4.4545
264,1,4.4000
265,3,4.0000
266,45,4.4067
267,7,4.3857
268,1,4.3000
269,15,4.4067
270,1,4.5000
271,1,4.1000
272,2,4.6000
273,1,3.6000
274,2,3.8000
275,6,3.9000
276,2,4.4000
277,30,4.3367
278,3,4.7000
279,9,4.1889
280,4,4.5000
281,17,4.3118
282,49,4.4551
283,4,4.3500
284,16,4.5375
285,1,4.9000
286,2,4.6500
287,2,4.6500
288,2,4.4000
289,2,4.9000
290,3,4.2932
291,3,4.7667
292,5,3.2200
293,6,4.4500
294,6,4.3000
295,1,4.7000
296,26,4.5308
297,15,4.3267
298,1,4.6000
299,1,4.1000
300,4,4.0250
301,1,4.1000
302,1,4.5000
303,1,4.9000
304,1,4.8000
305,1,4.0000
306,22,4.3975
307,1,4.6000
308,3,3.9000
309,1,4.6000
310,10,4.6100
311,7,4.4143
312,3,4.3333
313,1,4.5000
314,2,4.7500
315,1,4.3000
316,4,4.7250
317,1,4.5000
318,1,4.6000
319,1,2.7000
320,2,4.6500
321,1,3.9000
322,2,4.7000
323,2,4.5000
324,2,4.9000
325,1,4.2000
326,1,4.5000
327,4,4.7500
328,3,4.8000
329,2,4.7000
330,1,4.8000
331,1,3.4000
332,1,3.3000
333,25,4.4880
334,40,4.4775
335,1,4.7000
336,1,4.5000
337,17,4.4882
338,1,4.1000
339,5,4.7200
340,17,4.5765
341,1,4.6000
342,8,4.5500
343,2,4.8500
344,2,4.6000
345,3,3.4000
346,1,2.9000
347,2,4.6000
348,172,4.1027
349,407,4.1424
350,2,4.7500
351,45,4.2864
352,1,4.2000
353,65,4.2276
354,3,4.5000
355,1,3.5000
356,22,3.8000
357,69,3.9897
358,2,4.6000
359,2,4.3951
360,2,4.7500
361,3,4.5000
362,10,4.2995
363,3,4.0333
364,7,4.1429
365,4,3.5500
366,20,4.2400
367,1,2.6000
368,1,2.6000
369,63,4.2492
370,1,4.8000
371,1,4.5000
372,249,4.3386
373,254,4.2772
374,1,4.8000
375,2,4.7500
376,3,4.5667
377,41,4.4073
378,1,4.8000
379,1,4.7000
380,4,4.0500
381,1,2.6000
382,4,4.1000
383,1,2.6000
384,1,2.6000
385,1,4.9000
386,1,2.6000
387,1,4.8000
388,1,4.9000
389,51,4.3353
390,142,4.2056
391,4,4.4000
392,21,4.3381
393,1,4.8000
394,29,4.3241
395,21,3.9476
396,1,4.2000
397,1,3.5000
398,1,3.5000
399,3,4.1333
400,1,4.1000
401,1,4.1000
402,1,4.1000
403,1,4.1000
404,1,4.1000
405,1,4.1000
406,1,4.1000
407,1,4.1000
408,1,4.1000
409,1,4.1000
410,1,4.1000
411,1,4.1000
412,1,4.1000
413,1,4.1000
414,1,3.1000
415,26,3.8962
416,115,4.5017
417,172,4.4721
418,1,3.3000
419,1,5.0000
420,80,4.4775
421,23,4.3043
422,39,3.8949
423,1,4.1000
424,83,4.4590
425,293,4.3962
426,1,4.7000
427,131,4.4992
428,1,3.3000
429,58,4.4000
430,1,4.7000
431,1,4.8000
432,6,4.3167
433,1,4.1000
434,8,4.4500
435,68,4.4059
436,82,4.5841
437,9,4.3667
438,1,4.6000
439,2,4.4000
440,1,4.6000
441,10,4.5000
442,3,4.4333
443,1,4.1000
444,1,4.1000
445,16,4.5500
446,2,4.4000
447,1,4.1000
448,1,4.1000
449,3,4.6000
450,2,4.4500
451,1,4.1000
452,1,2.4000
453,1,2.0000
454,1,4.7000
455,1,4.1000
456,4,4.7250
457,1,4.8000
458,1,4.8000
459,1,4.4000
460,2,4.8500
461,1,4.8000
462,3,4.2000
463,5,4.3000
464,2,4.5000
465,2,4.6500
466,1,3.6000
467,1,5.0000
468,2,3.4500
469,1,4.9000
470,1,1.9000
471,1,4.9000
472,1,1.9000
473,2,3.0000
474,1,4.4000
475,1,4.6000
476,1,4.8000
477,3,4.5667
478,11,4.5273
479,11,4.7091
480,3,4.7333
481,1,4.6000
482,1,4.8000
483,1,4.8000
484,1,4.8000
485,2,4.7000
486,1,4.9000
487,2,3.9500
488,7,3.9286
489,1,4.9000
490,3,3.3000
491,1,4.1000
492,3,3.6333
493,1,4.5000
494,1,4.7000
495,9,4.4057
496,4,4.3000
497,7,4.5895
498,1,4.1000
499,2,4.5377
500,2,3.1500
501,3,3.7618
502,1,4.3755
503,1,4.3853
504,3,4.7000
505,1,4.8000
506,3,4.6000
507,16,4.5250
508,11,4.7091
509,1,4.6000
510,1,4.9000
511,5,4.8600
512,3,4.8333
513,43,4.3884
514,1,4.8000
515,3,4.0333
516,82,4.4732
517,1,5.0000
518,2,3.7000
519,4,4.6000
520,2,4.6500
521,1,4.9000
522,1,4.3000
523,21,4.2675
524,13,4.6692
525,12,4.2083
526,1,3.9000
527,1,4.7000
528,1,4.9000
529,1,4.9000
530,1,4.0000
531,1,4.7000
532,1,5.0000
533,2,4.8500
534,20,4.5350
535,2,4.6000
536,5,4.2200
537,1,4.4000
538,2,3.3000
539,1,2.7000
540,3,4.0667
541,4,4.6250
542,15,4.2467
543,25,4.4400
544,1,4.8000
545,9,4.4841
546,1,4.8000
547,4,4.2000
548,63,4.4175
549,1,4.8000
550,3,4.8667
551,1,4.8000
552,3,4.6667
553,30,4.6500
554,1,4.8000
555,2,3.9500
556,2,4.4000
557,1,4.8000
558,1,4.9000
559,5,4.2918
560,8,4.1750
561,4,4.4500
562,1,4.3000
563,1,4.6000
564,4,4.7250
565,1,4.6000
566,6,4.4667
567,3,4.5333
568,1,3.5000
569,1,4.2000
570,1,4.1000
571,2,4.8000
572,4,4.7000
573,1,3.9000
574,3,4.0667
575,1,4.8000
576,1,4.6000
577,1,4.7000
578,1,3.1000
579,28,4.2057
580,1,4.5000
581,7,3.9714
582,4,3.3900
583,1,4.7000
584,1,4.0000
585,3,4.8333
586,1,3.6000
587,2,3.8500
588,2,4.3300
589,8,4.6200
590,1,4.4000
591,6,3.5911
592,6,3.6205
593,2,3.1500
594,16,4.1938
595,5,4.3200
596,1,4.8000
597,4,3.6500
598,4,4.6250
599,1,3.9692
600,54,4.0551
601,1,4.6000
602,7,3.7429
603,1,4.8000
604,1,4.4000
605,1,2.2000
606,1,4.6000
607,1,4.0000
608,2,4.8000
609,9,4.6444
610,1,4.8000
611,6,4.6167
612,3,3.5333
613,4,4.3000
614,3,4.7000
615,3,4.3417
616,2,4.7000
617,1,4.8000
618,3,4.8333
619,1,4.9000
620,1,3.5000
621,1,4.5000
622,2,4.6125
623,1,4.9000
624,1,1.7000
625,1,3.7000
626,1,1.7000
627,1,1.7000
628,1,1.7000
629,1,1.7000
630,1,1.7000
631,1,3.2000
632,2,2.4500
633,1,1.7000
634,1,1.7000
635,1,1.7000
636,1,1.7000
637,2,4.8000
638,2,3.5500
639,13,4.4308
640,2,4.5500
641,1,3.2000
642,1,4.2000
643,1,3.2000
644,1,5.0000
645,1,4.6000
646,1,1.9000
647,2,4.6500
648,1,4.6000
649,1,3.7000
650,4,3.1917
651,14,3.9571
652,1,2.3000
653,1,1.8000
654,2,4.7500
655,1,4.4000
656,2,4.3000
657,7,3.4984
658,1,3.4000
659,1,4.0000
660,10,4.2900
661,1,2.7000
662,1,4.8000
663,1,4.4000
664,1,5.0000
665,4,4.5500
666,6,3.5667
667,3,4.6333
668,7,4.4714
669,7,3.5286
670,4,3.8950
671,4,4.1750
672,12,4.5583
673,1,1.9000
674,1,5.0000
675,1,2.6000
676,33,4.5848
677,33,4.4818
678,8,4.4125
679,5,4.8200
680,1,4.7000
681,1,4.6000
682,2,3.4500
683,1,4.4000
684,1,5.0000
685,1,4.4000
686,3,3.0000
687,1,3.6000
688,14,4.1704
689,3,3.7739
690,1,3.4000
691,1,3.8217
692,20,4.3650
693,1,3.6000
694,1,3.6000
695,1,3.5000
696,1,3.4000
697,1,4.9000
698,1,5.0000
699,1,4.6000
700,3,4.0243
701,13,4.4462
702,1,4.4000
703,7,4.4143
704,8,3.9734
705,16,3.9312
706,2,3.9500
707,5,4.1200
708,3,4.6000
709,12,4.5583
710,2,4.6000
711,1,2.4000
712,1,1.6000
713,2,3.3000
714,7,4.4286
715,9,4.2667
716,12,4.4093
717,13,3.9846
718,6,4.7167
719,1,4.5000
720,2,4.8000
721,1,1.9000
722,1,4.9000
723,10,4.1600
724,1,3.6000
725,1,3.9000
726,1,4.0000
727,1,4.7000
728,1,4.2000
729,1,4.0000
730,4,3.9750
731,1,2.2000
732,4,4.1350
733,1,4.3000
734,1,4.3000
735,1,3.5000
736,1,3.7000
737,7,4.0714
738,1,4.1667
739,1,4.4000
740,1,4.6000
741,9,4.1670
742,12,4.2833
743,1,3.2000
744,11,4.5179
745,11,3.9452
746,11,4.3091
747,1,4.4000
748,1,4.8000
749,1,3.9000
750,1,4.8000
751,1,4.0000
752,41,4.5318
753,28,4.5424
754,1,2.2000
755,1,2.2000
756,1,2.2000
757,82,4.4254
758,61,4.3915
759,10,4.2506
760,10,4.1700
761,23,4.0521
762,12,4.3907
763,15,4.0667
764,10,4.1000
765,7,4.3857
766,13,4.4615
767,1,3.2000
768,1,4.4000
769,1,4.4000
770,1,2.1000
771,2,4.4000
772,1,2.9000
773,1,4.7000
774,2,3.2000
775,7,4.4714
776,1,4.3000
777,1,2.4000
778,1,2.1000
779,1,3.5000
780,16,4.5438
781,15,4.4467
782,9,4.3444
783,2,4.1500
784,2,4.3500
785,5,4.7200
786,1,4.3000
787,1,4.5000
788,1,4.1000
789,1,4.7000
790,1,4.7000
791,2,3.0500
792,1,4.6000
793,1,3.3000
794,1,4.4000
795,2,4.7000
796,4,4.1500
797,1,4.9000
798,4,4.0750
799,2,4.0500
800,1,4.8000
801,1,4.7000
802,3,4.1667
803,3,4.7000
804,3,4.4333
805,6,4.4833
806,3,4.6667
807,1,2.1000
808,1,3.7000
809,1,3.1000
810,1,2.7000
811,2,4.4865
812,3,3.7000
813,1,3.0333
814,3,3.0333
815,8,4.6500
816,1,4.2000
817,1,3.0000
818,2,4.2500
819,1,4.0000
820,1,2.6000
821,6,4.3955
822,7,3.6714
823,1,2.7000
824,1,1.8000
825,1,3.7000
826,2,3.7000
827,1,4.6000
828,3,2.9333
829,1,4.4000
830,1,4.3000
831,1,4.3000
832,1,4.6000
833,1,3.9000
834,7,4.0077
835,2,3.6000
836,5,4.2600
837,1,4.9000
838,2,4.4500
839,5,4.6600
840,10,4.4100
841,1,4.9000
842,1,5.0000
843,2,4.3000
844,1,4.4000
845,1,3.9000
846,1,4.3000
847,3,4.6333
848,1,4.6000
849,1,4.8000
850,1,4.5000
851,4,4.2000
852,5,4.6400
853,8,4.4000
854,1,4.9000
855,1,4.8000
856,1,1.9000
857,2,4.5000
858,1,4.4000
859,1,4.2000
860,1,4.9000
861,2,4.4500
862,44,4.5295
863,5,4.6200
864,1,4.9000
865,1,4.3000
866,3,3.6000
867,1,4.7000
868,1,4.9000
869,1,4.7000
870,2,3.2500
871,2,3.2000
872,5,4.2600
873,1,5.0000
874,7,4.6286
875,1,3.2000
876,2,4.2500
877,1,3.3000
878,1,3.5000
879,1,4.6000
880,1,4.5000
881,1,3.5000
882,1,4.7000
883,5,4.5800
884,46,4.2887
885,1,4.3000
886,4,4.7500
887,14,4.0581
888,9,4.4778
889,1,4.2000
890,3,3.9000
891,1,4.8000
892,7,4.1000
893,1,1.8000
894,5,4.4309
895,2,4.5000
896,1,4.7000
897,1,4.8000
898,1,5.0000
899,30,4.2467
900,51,4.4427
901,1,4.4000
902,26,4.0849
903,1,4.9000
904,1,4.7000
905,3,4.7667
906,1,4.1000
907,2,4.5000
908,1,4.6000
909,1,4.8000
910,3,4.7667
911,6,4.3167
912,1,4.5000
913,101,4.3559
914,3,4.2333
915,9,4.6703
916,1,4.8000
917,1,4.8000
918,1,4.8000
919,1,4.3278
920,5,4.1400
921,1,1.2000
922,1,4.4000
923,1,4.1000
924,40,4.4725
925,66,4.5762
926,9,3.9333
927,2,2.5000
928,1,4.6000
929,6,4.2667
930,3,4.6667
931,1,4.1000
932,15,3.8909
933,1,4.5000
934,2,4.5000
935,56,4.4161
936,5,4.5600
937,2,4.6000
938,1,4.8000
939,1,4.4000
940,1,4.3429
941,1,5.0000
942,2,4.4500
943,2,4.7000
944,1,4.6000
945,8,4.1000
946,3,4.6667
947,3,4.8000
948,10,4.5200
949,69,4.4072
950,9,4.5333
951,4,4.4000
952,1,3.5000
953,1,4.1000
954,5,2.6200
955,1,4.1000
956,1,4.9000
957,2,4.5500
958,1,2.0000
959,136,4.4753
960,1,4.6000
961,7,4.4429
962,1,2.0000
963,2,2.2000
964,9,4.1493
965,271,4.3146
966,2,4.1000
967,93,4.3700
968,1,4.4000
969,400,4.4072
970,19,4.2789
971,1,4.6000
972,1,4.8000
973,2,4.3000
974,5,4.6000
975,1,4.3000
976,1,1.5000
977,7,3.9403
978,7,3.5664
979,1,4.1000
980,2,3.8500
981,2,3.7000
982,1,4.4000
983,5,3.7929
984,3,4.7608
985,1,4.3000
986,1,4.3000
987,1,4.6000
988,5,4.0800
989,197,4.3216
990,180,4.4949
991,1,4.4000
992,10,4.5600
993,3,4.7000
994,2,4.6000
995,1,1.2000
996,2,4.0500
997,102,4.0916
998,361,4.3306
999,1,3.2000
1000,1,5.0000
1001,9,4.0203
1002,15,3.8843
1003,47,4.0954
1004,404,4.1104
1005,27,4.0486
1006,4,4.3617
1007,831,4.3436
1008,2,4.1000
1009,4,4.0250
1010,6,4.3000
1011,3,3.8882
1012,80,4.5038
1013,139,4.1246
1014,1,3.1000
1015,1,4.7000
1016,1,4.9000
1017,1,4.1000
1018,1,4.8000
1019,2,4.2500
1020,2,4.3500
1021,1,4.6000
1022,3,4.6333
1023,5,4.7200
1024,1,3.9000
1025,2,4.8500
1026,9,4.5444
1027,5,4.6600
1028,1,4.6000
1029,1,5.0000
1030,10,3.8003
1031,9,4.1448
1032,7,3.5143
1033,10,3.6908
1034,3,3.3000
1035,5,4.1611
1036,1,2.7000
1037,1,4.2000
1038,12,3.9199
1039,3,4.4085
1040,20,4.3432
1041,1,4.8000
1042,3,3.8333
1043,2,4.4127
1044,42,4.5717
1045,11,4.1182
1046,56,4.4991
1047,1,4.3000
1048,7,4.3429
1049,3,4.4085
1050,1,4.8000
1051,4,4.0250
1052,1,4.6000
1053,8,4.4750
1054,1,4.5000
1055,4,4.1692
1056,9,3.8111
1057,7,3.9571
1058,2,4.4000
1059,66,4.5667
1060,1,4.9000
1061,53,4.5245
1062,56,4.4643
1063,1,4.5000
1064,54,4.4611
1065,37,4.5324
1066,1,4.7000
1067,44,4.6864
1068,1,4.5000
1069,2,4.7000
1070,17,4.5176
1071,5,4.2600
1072,35,4.4886
1073,32,4.3281
1074,1,2.8000
1075,1,2.8000
1076,17,4.3285
1077,4,3.8250
1078,1,4.4000
1079,1,2.2000
1080,1,3.7000
1081,1,4.8000
1082,18,4.5056
1083,48,4.5375
1084,4,4.1000
1085,1,4.2000
1086,1,3.3000
1087,1,4.7000
1088,1,4.7000
1089,1,4.0000
1090,1,4.4000
1091,1,4.8000
1092,1,4.8000
1093,1,3.8000
1094,1,4.4000
1095,1,4.4000
1096,3,4.2000
1097,1,4.4000
1098,1,4.8000
1099,3,4.2333
1100,4,3.9748
1101,1,4.8000
1102,1,3.8186
1103,3,3.5667
1104,2,3.5500
1105,3,3.5000
1106,2,3.9500
1107,1,4.8000
1108,6,4.2333
1109,1,4.8000
1110,1,3.2000
1111,20,4.3400
1112,4,3.9500
1113,14,3.9929
1114,4,4.1750
1115,10,4.0219
1116,7,4.1429
1117,2,3.5500
1118,1,4.4000
1119,4,3.5750
1120,1,4.8000
1121,9,4.1471
1122,1,2.2000
1123,3,3.6000
1124,1,3.1000
1125,1,4.4000
1126,3,3.7000
1127,1,3.1000
1128,2,3.1000
1129,1,4.5000
1130,1,4.8000
1131,4,4.1547
1132,1,4.2000
1133,1,3.8000
1134,3,4.7333
1135,1,4.4000
1136,1,4.3000
1137,1,4.6000
1138,2,4.8000
1139,1,4.4000
1140,1,4.8000
1141,2,4.6000
1142,1,4.8000
1143,1,4.4000
1144,1,4.8000
1145,1,4.3000
1146,1,4.6000
1147,1,1.7000
1148,2,4.8000
1149,1,4.7000
1150,2,4.7500
1151,38,4.2263
1152,7,3.9429
1153,1,5.0000
1154,1,3.9000
1155,1,3.9000
1156,1,3.9000
1157,1,1.7000
1158,2,2.4500
1159,1,4.8000
1160,1,4.0000
1161,2,4.7000
1162,1,4.7000
1163,4,4.4750
1164,1,4.7000
1165,3,4.2333
1166,4,4.5750
1167,1,4.3000
1168,3,4.2333
1169,3,4.6333
1170,2,4.3000
1171,1,4.2000
1172,5,4.3000
1173,4,4.3750
1174,3,4.3000
1175,7,4.5000
1176,2,4.5500
1177,1,4.6000
1178,1,4.3000
1179,1,4.2000
1180,1,5.0000
1181,1,4.5000
1182,1,4.8000
1183,2,4.7000
1184,2,4.4500
1185,1,3.4000
1186,3,4.0667
1187,2,4.4000
1188,2,4.4500
1189,2,4.4000
1190,1,1.7000
1191,3,4.5333
1192,5,4.2000
1193,4,4.7250
1194,6,4.6167
1195,2,4.5000
1196,6,4.5333
1197,1,4.5000
1198,1,4.6000
1199,1,4.8000
1200,1,4.2000
1201,1,4.7000
1202,2,4.1500
1203,1,2.0000
1204,3,4.2667
1205,1,4.6000
1206,1,4.4000
1207,1,4.0000
1208,1,1.7000
1209,1,4.7000
1210,2,4.2000
1211,1,1.7000
1212,1,4.7000
1213,1,3.2000
1214,1,3.2000
1215,1,1.7000
1216,2,4.3500
1217,1,2.4000
1218,1,4.3000
1219,1,4.2000
1220,1,4.2000
1221,1,4.6000
1222,1,4.2000
1223,1,4.5000
1224,6,4.0500
1225,1,3.3000
1226,2,4.0500
1227,1,4.4000
1228,5,4.6200
1229,4,4.6750
1230,3,4.6667
1231,3,3.6667
1232,12,4.2561
1233,4,3.8750
1234,1,4.5000
1235,1,4.7000
1236,1,3.2000
1237,1,4.2000
1238,1,4.2000
1239,2,2.9500
1240,3,3.7333
1241,1,1.7000
1242,1,1.7000
1243,1,1.7000
1244,1,1.4000
1245,1,1.7000
1246,2,2.8500
1247,1,3.2000
1248,1,4.7000
1249,1,1.7000
1250,1,1.7000
1251,1,1.7000
1252,1,1.7000
1253,5,4.5400
1254,1,4.9000
1255,1,4.8000
1256,1,4.9000
1257,1,4.8000
1258,1,1.7000
1259,5,4.4800
1260,13,3.7751
1261,2,4.2500
1262,1,2.9000
1263,2,4.5500
1264,1,4.2000
1265,1,4.7000
1266,1,4.9000
1267,8,4.0500
1268,1,1.4000
1269,1,4.3000
1270,1,1.7000
1271,3,2.9333
1272,1,2.3909
1273,2,3.4000
1274,1,4.7000
1275,1,1.7000
1276,3,3.5000
1277,6,4.4500
1278,11,4.5091
1279,6,4.0167
1280,1,4.8000
1281,6,4.4833
1282,1,4.5000
1283,5,4.6000
1284,5,4.3600
1285,1,4.6000
1286,15,4.4733
1287,6,4.4333
1288,4,4.6595
1289,7,4.5857
1290,1,4.4000
1291,4,4.3750
1292,1,4.6000
1293,1,4.9000
1294,1,4.9000
1295,1,4.7000
1296,4,4.3000
1297,1,4.3000
1298,1,4.0000
1299,1,4.5000
1300,1,3.9000
1301,4,4.3767
1302,1,4.1000
1303,14,4.0790
1304,1,1.7000
1305,1,3.4000
1306,1,4.5000
1307,1,3.9000
1308,2,4.6667
1309,1,5.0000
1310,4,4.0250
1311,4,3.7500
1312,3,2.8667
1313,1,3.5000
1314,1,3.2280
1315,1,3.2000
1316,3,3.7333
1317,1,4.8000
1318,1,4.2000
1319,4,3.9820
1320,2,3.1500
1321,5,3.3800
1322,2,1.7500
1323,1,4.3000
1324,3,4.7333
1325,6,4.4667
1326,1,4.2000
1327,1,4.3000
1328,1,4.0000
1329,2,4.9000
1330,1,4.7000
1331,1,4.4000
1332,7,4.5286
1333,29,4.4828
1334,25,4.5320
1335,20,4.4150
1336,1,4.7000
1337,9,4.5778
1338,19,4.4316
1339,25,4.5160
1340,30,4.3833
1341,4,4.4500
1342,17,4.5059
1343,2,4.3500
1344,1,4.6000
1345,1,1.7000
1346,1,3.8000
1347,1,4.9000
1348,17,3.8113
1349,1,4.8000
1350,5,4.5200
1351,5,4.5200
1352,6,4.5167
1353,4,4.5000
1354,11,4.5545
1355,1,4.7000
1356,3,4.6667
1357,1,4.6000
1358,13,4.5692
1359,5,4.0800
1360,5,4.3400
1361,1,4.8000
1362,8,4.7000
1363,1,3.9000
1364,1,2.8000
1365,1,1.7000
1366,1,4.8000
1367,1,4.8000
1368,3,3.0667
1369,1,4.4000
1370,2,3.9000
1371,1,4.7000
1372,2,3.7500
1373,7,3.8857
1374,1,1.9000
1375,4,2.8500
1376,1,1.7000
1377,1,1.7000
1378,1,1.7000
1379,19,4.2895
1380,20,4.5550
1381,6,4.5167
1382,162,4.4198
1383,1,4.2000
1384,239,4.3866
1385,3,4.7333
1386,1,4.4000
1387,1,4.9000
1388,2,4.7000
1389,12,4.5333
1390,11,4.5091
1391,3,3.8333
1392,4,4.5250
1393,3,4.1697
1394,12,4.3336
1395,11,4.2729
1396,1,4.0000
1397,33,4.1242
1398,23,3.9435
1399,119,4.2807
1400,88,4.4136
1401,119,4.1949
1402,1,3.9000
1403,73,4.2848
1404,1,1.7000
1405,1,4.5000
1406,11,4.6136
1407,131,4.3296
1408,38,4.1175
1409,10,4.2950
1410,58,4.3718
1411,92,4.3348
1412,14,4.4000
1413,2,2.8000
1414,3,3.8667
1415,6,4.3500
1416,1,4.3498
1417,14,4.4000
1418,10,4.3600
1419,5,4.2600
1420,1,1.7000
1421,16,3.7385
1422,26,4.3769
1423,1,1.7000
1424,1,4.2000
1425,3,1.6333
1426,1,4.2000
1427,6,3.5333
1428,1,3.4000
1429,1,4.2000
1430,1,1.7000
1431,1,4.8000
1432,1,4.8000
1433,3,3.5000
1434,1,4.2000
1435,7,3.4571
1436,4,3.1000
1437,6,4.4000
1438,1,4.7000
1439,22,4.4409
1440,10,4.5000
1441,7,4.5286
1442,19,4.4579
1443,13,4.4154
1444,13,4.0846
1445,1,3.5000
1446,1,4.4000
1447,3,4.4000
1448,9,3.7778
1449,2,4.7500
1450,1,5.0000
1451,1,4.6000
1452,105,4.2388
1453,3,3.8000
1454,2,4.2500
1455,1,4.0000
1456,3,4.1667
1457,10,4.0800
1458,1,4.9000
1459,5,4.4400
1460,39,4.1344
1461,1,3.7000
1462,1,3.9000
1463,39,4.3030
1464,79,4.2906
1465,155,4.3875
1466,178,4.3473
1467,26,4.4115
1468,54,4.2825
1469,73,4.3648
1470,3,4.5333
1471,1,4.3134
1472,1,4.2000
1473,6,4.5833
1474,4,4.2250
1475,1,4.3000
1476,8,4.5250
1477,34,4.2235
1478,1,4.1000
1479,2,4.8000
1480,2,4.6000
1481,2,4.3500
1482,2,4.7500
1483,1,4.1000
1484,11,4.2818
1485,1,1.7000
1486,1,1.7000
1487,1,3.9000
1488,79,4.4924
1489,2,4.6000
1490,2,4.4500
1491,1,4.5000
1492,2,4.6500
1493,2,3.7500
1494,1,2.9000
1495,68,4.3338
1496,1,4.2000
1497,2,4.8000
1498,9,4.6111
1499,2,4.9000
1500,3,4.6333
1501,3,4.6667
1502,1,4.2000
1503,3,4.5333
1504,1,4.2000
1505,1,5.0000
1506,4,4.6750
1507,4,4.4000
1508,4,4.3250
1509,2,4.0500
1510,2,4.4500
1511,1,3.9000
1512,2,4.2500
1513,1,4.8000
1514,2,4.8500
1515,1,4.5000
1516,1,4.5087
1517,2,4.1000
1518,1,4.4000
1519,31,4.4704
1520,13,4.3538
1521,1,5.0000
1522,1,4.2000
1523,1,4.4000
1524,1,4.7000
1525,4,4.4500
1526,24,4.4208
1527,1,5.0000
1528,20,4.4550
1529,1,4.7000
1530,6,4.5000
1531,1,3.9000
1532,47,4.5043
1533,1,4.7000
1534,1,4.8000
1535,2,4.4500
1536,1,5.0000
1537,3,3.9000
1538,3,4.4667
1539,1,5.0000
1540,3,4.5333
1541,13,4.5000
1542,1,1.7000
1543,5,3.0400
1544,1,2.9000
1545,2,4.2000
1546,1,4.7000
1547,1,3.0000
1548,14,3.5522
1549,1,3.0000
1550,1,4.4000
1551,1,1.7000
1552,3,3.5886
1553,2,2.6500
1554,1,1.7000
1555,1,1.7000
1556,7,3.3714
1557,1,1.7000
1558,1,4.5000
1559,3,3.8333
1560,1,2.3000
1561,107,4.4709
1562,4,4.4816
1563,8,4.2125
1564,74,4.4541
1565,6,4.1167
1566,213,4.4315
1567,152,4.3864
1568,119,4.4193
1569,2,4.2667
1570,3,4.9000
1571,2,3.7500
1572,4,4.3750
1573,6,4.3667
1574,1,4.3633
1575,1,3.3000
1576,331,4.4433
1577,1,4.0000
1578,4,4.4316
1579,212,4.4407
1580,1,4.2000
1581,1,4.7000
1582,220,4.4503
1583,1,4.3633
1584,2,4.3500
1585,16,4.0438
1586,3,4.8333
1587,8,4.0704
1588,17,4.1882
1589,10,4.4700
1590,14,3.8617
1591,34,4.1390
1592,3,4.0333
1593,275,4.4320
1594,1,3.3000
1595,1,4.0000
1596,140,4.3976
1597,11,4.0636
1598,1,4.8000
1599,1,4.3633
1600,1,4.3633
1601,93,4.4409
1602,3,4.4667
1603,181,4.4085
1604,1,4.7000
1605,1,5.0000
1606,145,4.4193
1607,1,2.5000
1608,1,4.2000
1609,1,4.9000
1610,275,4.3820
1611,1,3.2000
1612,1,4.8000
1613,1,4.1000
1614,1,5.0000
1615,1,4.1000
1616,1,4.4000
1617,1,4.2000
1618,218,4.3545
1619,1,3.5000
1620,1,4.7000
1621,147,4.3646
1622,8,4.4375
1623,28,4.3786
1624,1,4.8000
1625,1,4.3000
1626,1,4.7000
1627,1,1.4000
1628,1,4.8000
1629,1,4.6000
1630,2,4.8500
1631,1,5.0000
1632,151,4.3102
1633,168,4.3427
1634,2,4.7500
1635,1,4.5000
1636,2,4.5000
1637,193,4.3321
1638,3,4.6667
1639,173,4.3434
1640,12,4.4833
1641,1,4.6000
1642,20,4.2900
1643,6,4.3833
1644,33,4.3333
1645,1,4.9000
1646,14,4.4571
1647,3,4.7667
1648,1,4.7000
1649,5,4.3200
1650,43,4.2506
1651,7,4.3286
1652,3,3.7333
1653,6,4.2833
1654,96,4.2052
1655,5,3.4200
1656,8,4.1375
1657,7,4.2714
1658,1,4.1583
1659,52,4.2954
1660,1,1.7000
1661,1,4.0000
1662,2,4.7000
1663,2,4.3500
1664,1,1.4000
1665,1,3.2000
1666,9,4.2444
1667,3,4.3000
1668,1,4.3000
1669,1,4.3000
1670,2,4.8000
1671,2,4.5500
1672,4,4.6000
1673,4,4.4250
1674,1,5.0000
1675,1,4.6000
1676,1,3.3000
1677,1,3.9000
1678,5,4.3400
1679,6,4.5333
1680,10,4.4400
1681,6,4.5833
1682,1,4.8000
1683,271,4.1944
1684,165,4.2578
1685,2,4.2000
1686,6,4.3667
1687,3,4.5000
1688,282,4.3145
1689,5,4.4400
1690,10,4.0000
1691,5,4.5000
1692,220,4.3609
1693,2,4.0000
1694,693,4.2613
1695,679,4.2357
1696,7,4.6429
1697,1,4.7000
1698,786,4.3038
1699,3,4.2000
1700,633,4.2995
1701,84,4.1163
1702,558,4.2692
1703,599,4.3139
1704,74,4.2851
1705,1,3.2000
1706,1,4.7000
1707,3,4.3333
1708,1,4.7000
1709,7,4.4000
1710,9,4.4222
1711,8,4.5375
1712,6,4.2833
1713,15,4.4333
1714,1,4.6000
1715,1,3.2000
1716,1,1.7000
1717,1,2.9000
1718,10,3.8500
1719,31,4.2141
1720,19,4.2756
1721,1,1.7000
1722,3,4.7000
1723,9,4.2889
1724,9,3.9889
1725,7,4.1960
1726,3,3.8667
1727,1,4.0000
1728,3,4.4333
1729,18,4.3778
1730,19,4.3579
1731,1,4.2000
1732,6,3.7500
1733,2,4.5500
1734,1,3.8000
1735,1,3.0000
1736,25,3.9793
1737,1,4.8000
1738,1,3.4000
1739,1,1.7000
1740,1,1.7000
1741,1,1.7000
1742,1,2.7000
1743,3,3.6000
1744,1,4.0000
1745,3,3.9333
1746,2,4.5500
1747,1,4.1000
1748,2,4.2000
1749,3,3.4533
1750,184,4.2962
1751,8,4.2000
1752,3,3.7667
1753,3,4.5000
1754,92,4.2804
1755,1,3.6000
1756,111,4.2288
1757,100,4.3150
1758,216,4.2731
1759,5,3.7200
1760,255,4.3325
1761,13,3.8615
1762,743,4.2756
1763,7,4.4425
1764,6,3.9996
1765,1095,4.2337
1766,3,4.5667
1767,50,4.3319
1768,79,4.1834
1769,110,4.2409
1770,1,1.7000
1771,1,1.7000
1772,1,2.9000
1773,10,3.9100
1774,1,4.9000
1775,3,3.1000
1776,1,2.0000
1777,1,4.8000
1778,2,4.1875
1779,9,3.4417
1780,1,1.7000
1781,1,4.4000
1782,1,3.2000
1783,1,1.7000
1784,1,4.2000
1785,26,3.9845
1786,3,4.4440
1787,1,4.4000
1788,12,3.9218
1789,2,4.2500
1790,1,4.7000
1791,2,4.1500
1792,1,4.7000
1793,1,1.7000
1794,1,1.8000
1795,1,1.8000
1796,1,3.7000
1797,1,3.7000
1798,1,1.7000
1799,1,1.7000
1800,1,1.7000
1801,1,1.7000
1802,1,2.7000
1803,1,3.7000
1804,1,3.8000
1805,1,3.9000
1806,1,3.4000
1807,1,3.9000
1808,1,4.8000
1809,1,4.3000
1810,1,3.5000
1811,3,4.6000
1812,2,3.1000
1813,2,4.4000
1814,4,4.1750
1815,2,4.3500
1816,1,4.6000
1817,2,4.8000
1818,1,4.9000
1819,115,4.3692
1820,167,4.4341
1821,5,4.3600
1822,1,3.2000
1823,1,3.9000
1824,176,4.3992
1825,2,4.5000
1826,1,4.1000
1827,6,4.7167
1828,79,4.3699
1829,1,4.3619
1830,1,4.4000
1831,5,4.3800
1832,6,4.0833
1833,1,4.4000
1834,140,4.2918
1835,2,4.1000
1836,1,4.0000
1837,7,4.3286
1838,1,4.6000
1839,23,4.4522
1840,1,4.1000
1841,3,4.3667
1842,1,4.8000
1843,13,4.5308
1844,10,4.4862
1845,2,2.9500
1846,2,2.4500
1847,1,1.7000
1848,1,4.8000
1849,2,3.9000
1850,1,4.3000
1851,1,4.8000
1852,1,4.2000
1853,1,1.7000
1854,2,4.6500
1855,1,4.6000
1856,1,4.4857
1857,4,4.3750
1858,1,1.7000
1859,1,4.2000
1860,1,4.7000
1861,1,4.9000
1862,6,4.4667
1863,4,4.1500
1864,1,4.4000
1865,3,3.8000
1866,1,4.0000
1867,4,4.1500
1868,1,2.9000
1869,1,4.8000
1870,1,4.7000
1871,1,3.9000
1872,2,4.6000
1873,1,4.1000
1874,1,4.8000
1875,1,4.4000
1876,2,3.6500
1877,1,4.4107
1878,1,4.4000
1879,2,4.1500
1880,4,4.4277
1881,2,4.4000
1882,3,4.5071
1883,8,4.4513
1884,10,4.4343
1885,6,4.1167
1886,9,4.1889
1887,4,4.1250
1888,26,4.4115
1889,6,4.2333
1890,20,4.5200
1891,5,4.1000
1892,3,4.3667
1893,1,4.6000
1894,1,4.6000
1895,2,4.8000
1896,1,4.6000
1897,1,2.7000
1898,1,3.8000
1899,1,4.4000
1900,1,3.6600
1901,5,3.4400
1902,5,3.5800
1903,2,4.4500
1904,1,2.8000
1905,3,4.6000
1906,1,2.9000
1907,2,4.7500
1908,2,4.1500
1909,1,3.9312
1910,1,4.7000
1911,2,4.3156
1912,1,4.0000
1913,2,4.1156
1914,1,4.5000
1915,1,4.3000
1916,4,3.2500
1917,1,4.4000
1918,1,3.9000
1919,1,1.7000
1920,1,4.8000
1921,6,4.3000
1922,1,4.8000
1923,1,2.4000
1924,1,1.7000
1925,2,3.6500
1926,1,3.2000
1927,1,4.7000
1928,1,4.3000
1929,1,4.3000
1930,2,4.3091
1931,6,3.5667
1932,1,3.2000
1933,1,3.5308
1934,6,3.8167
1935,1,3.2000
1936,1,1.7000
1937,1,4.0000
1938,1,3.2000
1939,1,4.0000
1940,20,3.9000
1941,1,1.7000
1942,41,4.0293
1943,4,4.3250
1944,5,3.9318
1945,10,4.2183
1946,1,1.7000
1947,2,4.0000
1948,9,3.8222
1949,23,4.1894
1950,1,4.4000
1951,9,4.4667
1952,1,5.0000
1953,1,2.1000
1954,3,4.0118
1955,2,4.3000
1956,1,4.6000
1957,2,3.1000
1958,4,3.5750
1959,1,4.5000
1960,1,4.8000
1961,1,4.3000
1962,1,4.5000
1963,2,4.3000
1964,4,4.5000
1965,1,4.2000
1966,1,4.3000
1967,1,4.6000
1968,1,4.6000
1969,8,4.1319
1970,4,3.9000
1971,2,4.5500
1972,2,4.2500
1973,41,4.0732
1974,1,3.6000
1975,1,4.2000
1976,2,3.2000
1977,2,4.9000
1978,1,5.0000
1979,8,4.6875
1980,5,4.7800
1981,1,4.8000
1982,1,4.8000
1983,4,4.2000
1984,1,4.8000
1985,2,3.6500
1986,2,2.2000
1987,1,2.7000
1988,1,4.7000
1989,1,2.0000
1990,1,2.5000
1991,2,4.1000
1992,1,3.8000
1993,1,4.2000
1994,5,2.8400
1995,1,3.2000
1996,3,4.0000
1997,1,5.0000
1998,10,4.3700
1999,1,4.1000
2000,17,4.1529
2001,1,4.3000
2002,1,4.4000
2003,8,4.2732
2004,1,4.9000
2005,1,4.6000
2006,1,5.0000
2007,8,4.6000
2008,1,5.0000
2009,19,4.4754
2010,1,4.8000
2011,1,4.4000
2012,1,2.7000
2013,5,3.7933
2014,2,4.4000
2015,1,3.8000
2016,1,4.2000
2017,2,4.8500
2018,1,5.0000
2019,5,4.7800
2020,4,4.9250
2021,1,3.1000
2022,7,4.7143
2023,17,3.9908
2024,17,4.3632
2025,1,3.2000
2026,1,4.8000
2027,13,4.6917
2028,1,4.5000
2029,1,4.2000
2030,1,4.4000
2031,1,2.8000
2032,1,3.6000
2033,2,3.7000
2034,1,3.2000
2035,1,3.2000
2036,2,4.1500
2037,6,4.5833
2038,1,3.6000
2039,2,4.8000
2040,2,5.0000
2041,8,4.5000
2042,3,4.8667
2043,1,5.0000
2044,1,5.0000
2045,13,4.3308
2046,1,5.0000
2047,2,3.5000
2048,6,4.4000
2049,1,3.9000
2050,20,4.5450
2051,4,4.7250
2052,1,4.8000
2053,2,5.0000
2054,5,4.5600
2055,6,4.8167
2056,1,4.9000
2057,1,5.0000
2058,1,5.0000
2059,6,4.8333
2060,3,4.4333
2061,1,5.0000
2062,8,4.4750
2063,4,4.7000
2064,1,5.0000
2065,2,3.9500
2066,1,5.0000
2067,7,4.2286
2068,1,4.4000
2069,1,3.8000
2070,1,3.9000
2071,10,4.4900
2072,1,4.3000
2073,5,4.3000
2074,7,4.2857
2075,1,3.8000
2076,1,4.7000
2077,3,4.1667
2078,11,4.2636
2079,6,4.1333
2080,9,4.5444
2081,1,4.7000
2082,13,4.5385
2083,2,4.5000
2084,12,4.5167
2085,11,4.1364
2086,2,4.0000
2087,19,4.1836
2088,6,4.3167
2089,28,4.2107
2090,13,4.5385
2091,1,4.2000
2092,2,2.9500
2093,2,2.5000
2094,1,1.7000
2095,1,1.7000
2096,1,3.3000
2097,1,1.7000
2098,1,3.2000
2099,1,4.2000
2100,2,2.7500
2101,1,3.5000
2102,1,3.2000
2103,2,4.9500
2104,1,3.7000
2105,6,4.5500
2106,1,4.5000
2107,2,4.0500
2108,7,4.3429
2109,68,4.1925
2110,619,4.3210
2111,1258,4.2954
2112,3,3.3667
2113,1,4.5000
2114,1,4.5000
2115,193,4.3161
2116,321,4.3726
2117,1,4.4000
2118,23,4.4000
2119,102,4.2549
2120,4,4.6750
2121,819,4.3008
2122,1,4.7000
2123,1,1.7000
2124,250,4.4404
2125,73,4.4000
2126,7,4.2718
2127,7,4.5429
2128,16,4.3625
2129,2,4.0000
2130,1,4.2000
2131,5,4.1400
2132,1,4.8000
2133,71,4.4775
2134,2,4.5000
2135,62,4.3593
2136,408,4.4608
2137,1,4.5000
2138,7,4.5429
2139,278,4.4302
2140,262,4.4526
2141,70,4.5229
2142,1,4.2000
2143,99,4.5131
2144,247,4.4269
2145,6,4.5167
2146,8,3.9875
2147,1,4.4000
2148,1,4.5000
2149,1,4.8000
2150,1,4.6000
2151,1,4.8000
2152,1,4.2000
2153,9,4.2889
2154,2,4.9500
2155,32,4.4719
2156,20,4.5600
2157,4,4.5500
2158,1,4.2000
2159,11,4.3545
2160,10,4.4600
2161,14,4.5643
2162,1,4.7000
2163,32,4.4812
2164,18,4.4667
2165,1,4.7000
2166,4,4.6250
2167,1,4.9000
2168,2,4.4500
2169,5,4.6200
2170,3,4.5333
2171,5,4.6800
2172,6,4.6833
2173,1,3.6000
2174,1,4.4000
2175,5,4.7200
2176,20,4.5250
2177,1,5.0000
2178,9,4.6333
2179,1,3.9000
2180,27,4.2111
2181,27,4.2666
2182,1,4.4000
2183,20,4.3800
2184,14,4.1286
2185,32,4.1031
2186,3,4.5000
2187,3,4.5667
2188,3,4.6897
2189,4,4.7000
2190,1,4.8000
2191,7,4.7242
2192,26,4.5322
2193,39,4.2923
2194,1,4.7000
2195,1,4.8000
2196,1,4.8000
2197,2,3.7500
2198,1,4.2000
2199,1,3.2000
2200,1,4.3000
2201,1,3.8000
2202,1,4.8000
2203,1,3.7000
2204,1,4.3000
2205,1,5.0000
2206,198,4.4042
2207,13,4.5231
2208,3,4.5000
2209,1,4.8000
2210,685,4.3584
2211,1,4.4000
2212,1,4.8000
2213,1,3.3348
2214,1,4.4000
2215,1,3.3348
2216,42,4.2461
2217,1,4.1000
2218,2,4.2000
2219,261,4.3598
2220,1,4.7000
2221,1,3.8000
2222,1,4.5000
2223,1,4.1000
2224,2,3.7000
2225,1,3.1000
2226,8,4.3625
2227,684,4.3329
2228,1,4.6000
2229,2,3.7000
2230,2,4.4500
2231,1,1.8000
2232,2,4.0174
2233,1,1.8000
2234,612,4.3537
2235,1,1.6000
2236,3,3.3348
2237,1,3.3348
2238,1,3.3348
2239,1,5.0000
2240,2,3.3348
2241,46,4.2652
2242,1,4.6000
2243,1,2.7000
2244,2,4.3500
2245,1,4.8000
2246,1,4.8000
2247,1,3.0000
2248,1,3.8000
2249,1,3.2000
2250,1,3.8000
2251,1,4.8000
2252,8,4.5375
2253,1,4.8000
2254,1,3.6000
2255,1,3.0000
2256,1,4.1000
2257,1,4.6000
2258,270,4.2623
2259,1,4.6000
2260,1,4.5000
2261,6,3.9833
2262,1,4.6000
2263,10,4.3500
2264,1,3.8000
2265,718,4.2965
2266,1,4.6000
2267,4,3.2549
2268,1,3.2549
2269,5,4.5800
2270,1,4.4000
2271,1,4.5000
2272,120,4.3233
2273,1,3.2000
2274,105,4.2929
2275,1,4.6000
2276,2,4.1000
2277,3,4.7000
2278,368,4.2475
2279,2,4.4500
2280,1,4.4000
2281,14,4.1214
2282,779,4.2580
2283,12,3.9629
2284,2,3.2549
2285,1,3.2549
2286,11,4.3273
2287,2,4.4000
2288,1,3.2549
2289,621,4.2487
2290,9,3.8993
2291,1,3.2549
2292,4,4.0500
2293,1,4.2000
2294,1,3.2549
2295,1,4.2000
2296,1,4.8000
2297,1,4.2000
2298,1,4.2000
2299,5,4.0400
2300,1,3.8000
2301,1,4.8000
2302,1,1.7000
2303,2,2.7000
2304,1,3.8000
2305,1,3.8000
2306,1,4.2000
2307,28,4.3086
2308,9,4.2778
2309,3,3.5667
2310,2,4.7000
2311,2,4.4000
2312,1,4.0000
2313,13,4.4366
2314,31,4.1831
2315,2,4.2000
2316,39,4.3378
2317,4,4.6500
2318,26,4.0808
2319,12,4.2523
2320,11,4.5091
2321,10,4.3476
2322,1,4.9000
2323,3,3.2667
2324,1,3.9000
2325,1,4.0000
2326,3,4.4667
2327,1,2.0000
2328,1,4.1000
2329,2,2.8500
2330,1,2.8000
2331,5,4.6200
2332,4,4.1750
2333,1,4.7000
2334,3,3.4667
2335,4,3.9500
2336,3,3.5000
2337,30,4.2504
2338,3,4.7000
2339,9,4.3889
2340,8,4.6000
2341,2,4.8000
2342,6,4.2500
2343,34,4.5000
2344,8,4.4625
2345,1,4.3000
2346,1,2.5000
2347,1,4.6000
2348,1,4.1000
2349,1,4.2000
2350,1,3.2000
2351,2,3.5500
2352,3,2.7333
2353,1,4.2000
2354,1,4.5000
2355,16,4.4688
2356,14,4.4178
2357,21,4.5190
2358,1,4.7000
2359,5,3.9200
2360,1,4.1000
2361,9,4.2333
2362,6,3.7659
2363,3,4.3245
2364,3,4.6456
2365,1,4.4367
2366,2,4.8000
2367,3,4.3667
2368,2,4.3000
2369,1,4.6000
2370,4,4.2500
2371,2,4.4500
2372,135,4.3415
2373,242,4.3836
2374,1,2.0000
2375,142,4.3805
2376,2,4.0000
2377,3,4.5000
2378,303,4.3813
2379,1,3.1000
2380,2,1.6500
2381,1,3.5000
2382,7,4.4767
2383,8,4.6000
2384,3,3.8245
2385,6,4.5000
2386,54,4.4305
2387,92,4.4554
2388,69,4.3638
2389,9,4.1152
2390,9,3.4925
2391,1,1.7000
2392,2,3.3500
2393,3,4.4367
2394,40,4.4409
2395,8,4.0992
2396,1,3.2000
2397,1,1.7000
2398,19,4.3789
2399,2,4.7000
2400,1,4.6000
2401,1,4.3000
2402,14,4.2714
2403,35,4.4600
2404,1,4.7000
2405,2,3.0500
2406,1,1.7000
2407,1,1.7000
2408,2,3.9500
2409,1,3.3000
2410,1,3.3000
2411,82,4.2034
2412,1,4.1000
2413,55,4.1698
2414,1,4.6000
2415,1,4.2000
2416,5,4.3200
2417,4,4.5250
2418,3,4.6000
2419,1,2.9000
2420,1,3.0000
2421,1,3.9000
2422,1,4.8000
2423,3,4.2667
2424,6,3.6500
2425,1,4.9000
2426,29,3.9379
2427,1,4.3000
2428,28,4.0288
2429,1,4.9000
2430,1,3.2000
2431,1,4.1000
2432,26,3.7669
2433,1,4.7000
2434,28,4.3607
2435,25,4.2556
2436,41,4.2364
2437,41,4.1561
2438,83,4.2181
2439,2,3.0500
2440,3,4.5000
2441,4,4.3250
2442,9,4.1333
2443,8,4.0625
2444,38,4.4553
2445,1,4.3000
2446,13,4.3308
2447,30,4.2400
2448,1,4.7000
2449,1,3.9000
2450,1,4.8000
2451,2,4.2500
2452,1,4.0000
2453,1,4.7000
2454,2,4.8000
2455,3,4.6000
2456,8,4.5625
2457,1,4.9000
2458,3,4.6333
2459,2,4.7500
2460,1,4.6000
2461,1,4.5000
2462,1,4.8000
2463,3,4.4000
2464,1,4.4000
2465,5,4.6800
2466,1,4.5000
2467,4,4.6000
2468,3,4.7667
2469,14,4.4071
2470,9,4.4333
2471,15,4.4667
2472,3,4.5667
2473,4,4.5500
2474,1,4.8000
2475,1,4.5000
2476,6,4.5333
2477,12,4.5500
2478,50,4.3780
2479,1,3.2000
2480,42,4.3738
2481,55,4.3855
2482,1,1.7000
2483,3,2.7000
2484,1,1.7000
2485,1,3.7000
2486,1,3.1000
2487,194,4.4412
2488,125,4.4078
2489,38,4.2336
2490,289,4.4310
2491,92,4.3804
2492,229,4.4181
2493,1,4.6000
2494,7,4.2286
2495,2,4.4000
2496,9,3.8222
2497,8,4.5250
2498,1,4.3750
2499,2,4.6500
2500,14,4.3929
2501,129,4.3729
2502,2,3.8500
2503,174,4.3658
2504,4,4.4125
2505,5,4.2600
2506,1,4.9000
2507,1,5.0000
2508,372,4.4423
2509,2,4.1500
2510,2,4.3000
2511,1,4.3750
2512,1,4.5000
2513,1,4.8000
2514,1,4.9000
2515,25,4.3343
2516,10,4.4400
2517,189,4.3876
2518,283,4.3492
2519,27,4.3954
2520,24,4.4417
2521,94,4.3298
2522,126,4.2937
2523,2,4.5000
2524,1,4.5000
2525,17,4.4588
2526,126,4.3016
2527,292,4.3231
2528,17,4.6000
2529,2,3.1500
2530,21,4.4238
2531,49,4.3184
2532,1,1.4000
2533,77,4.2731
2534,2,4.5500
2535,1,4.7000
2536,1,4.4000
2537,2,3.8000
2538,4,3.9000
2539,6,4.4667
2540,5,4.2200
2541,33,4.4333
2542,1,4.5000
2543,29,4.4897
2544,2,4.6000
2545,9,4.6444
2546,1,4.1000
2547,1,4.8000
2548,6,4.7167
2549,1,4.3000
2550,3,4.2000
2551,1,4.7000
2552,8,4.4625
2553,1,4.7000
2554,3,4.4333
2555,5,4.5000
2556,6,4.4167
2557,6,4.7000
2558,3,4.2667
2559,8,4.4250
2560,2,4.5000
2561,3,4.4333
2562,2,4.4500
2563,2,4.6500
2564,2,4.7000
2565,1,3.9000
2566,3,4.3000
2567,4,4.4282
2568,2,4.2000
2569,1,4.8000
2570,1,4.8000
2571,2,4.4500
2572,1,4.4000
2573,3,4.4667
2574,1,4.6000
2575,9,4.6444
2576,1,4.8000
2577,1,4.9000
2578,5,4.5200
2579,4,4.4750
2580,1,4.9000
2581,4,4.4500
2582,1,4.4000
2583,1,4.6000
2584,7,4.2429
2585,2,4.5500
2586,5,4.4000
2587,3,4.7333
2588,3,4.5000
2589,1,4.9000
2590,5,4.3800
2591,3,4.6333
2592,2,4.4000
2593,3,4.5667
2594,4,4.2750
2595,1,4.3000
2596,1,2.7000
2597,1,4.4000
2598,1,4.8000
2599,3,3.9333
2600,10,4.5069
2601,19,4.6421
2602,25,4.6520
2603,3,4.5000
2604,104,4.5567
2605,5,4.4400
2606,75,4.5548
2607,14,4.5929
2608,7,4.5429
2609,114,4.5711
2610,5,4.3400
2611,16,4.6562
2612,2,4.7000
2613,3,3.2333
2614,10,4.6500
2615,19,4.5842
2616,9,4.5444
2617,2,4.2500
2618,9,4.6111
2619,1,4.6000
2620,1,4.8000
2621,1,4.6000
2622,1,4.9000
2623,1,4.5000
2624,8,4.4000
2625,8,4.7183
2626,1,4.8000
2627,8,4.4954
2628,4,4.8000
2629,55,4.4873
2630,1,4.9000
2631,52,4.4500
2632,1,4.8000
2633,104,4.5404
2634,1,4.8000
2635,17,4.4471
2636,4,4.3500
2637,3,4.4667
2638,1,4.7000
2639,1,4.9000
2640,1,3.9000
2641,9,4.3000
2642,1,4.0000
2643,1,4.0000
2644,1,4.4000
2645,2,4.8500
2646,32,4.5781
2647,36,4.5750
2648,3,4.7667
2649,7,4.6571
2650,11,4.2519
2651,44,4.5818
2652,4,4.7500
2653,1,4.7000
2654,12,4.5338
2655,29,4.3931
2656,69,4.5623
2657,34,4.5003
2658,8,4.4875
2659,11,4.4455
2660,18,4.5333
2661,2,4.4500
2662,1,4.8000
2663,31,4.2774
2664,1,3.2000
2665,7,4.4429
2666,8,4.3875
2667,2,3.8000
2668,3,4.0333
2669,1,4.4000
2670,1,4.4000
2671,3,4.3333
2672,7,4.6149
2673,34,4.4853
2674,9,4.4111
2675,31,4.3742
2676,26,4.2886
2677,2,4.5000
2678,4,4.6500
2679,4,4.5750
2680,3,4.7333
2681,1,4.7000
2682,6,4.5333
2683,2,4.5000
2684,13,4.1615
2685,8,4.4875
2686,21,4.3286
2687,10,4.3713
2688,1,5.0000
2689,1,5.0000
2690,54,4.4034
2691,2,4.8500
2692,1,4.8000
2693,16,4.2442
2694,4,4.3800
2695,2,3.3500
2696,23,4.5220
2697,29,4.3798
2698,3,4.4066
2699,6,4.7167
2700,3,4.7333
2701,1,4.8000
2702,6,4.6667
2703,1,4.7000
2704,2,4.7500
2705,1,4.9000
2706,1,4.9000
2707,24,4.2125
2708,32,4.0188
2709,194,4.4046
2710,25,4.1240
2711,4,4.4250
2712,6,4.4833
2713,90,4.2244
2714,61,4.5230
2715,257,4.4965
2716,45,4.3000
2717,433,4.4182
2718,18,4.3333
2719,12,3.8917
2720,1,4.8000
2721,311,4.4293
2722,8,4.6375
2723,180,4.3222
2724,137,4.3796
2725,329,4.4912
2726,1,4.3000
2727,68,4.5000
2728,1,4.8000
2729,110,4.2069
2730,527,4.2601
2731,8,4.2250
2732,5,4.3400
2733,4,4.4500
2734,7,4.4857
2735,1,4.8000
2736,3,3.7667
2737,174,4.3272
2738,1,4.8000
2739,65,4.2485
2740,14,4.2681
2741,59,4.4339
2742,39,4.4615
2743,1,4.8000
2744,205,4.3259
2745,2,4.8000
2746,31,4.4387
2747,518,4.4185
2748,107,4.4647
2749,1,4.8000
2750,1,4.3000
2751,1,4.4000
2752,1,2.3000
2753,10,4.5300
2754,28,4.6143
2755,41,4.6146
2756,52,4.4462
2757,82,4.5841
2758,6,4.5167
2759,3,4.1000
2760,5,4.6600
2761,8,4.2750
2762,6,4.8000
2763,2,4.6500
2764,11,4.6000
2765,1,4.8000
2766,17,4.6647
2767,3,4.6667
2768,1,4.7000
2769,25,4.1177
2770,1,4.7000
2771,1,4.7000
2772,1,3.5000
2773,1,4.4000
2774,2,4.6500
2775,1,4.3000
2776,1,2.8000
2777,4,3.6750
2778,7,3.3857
2779,19,4.3947
2780,2,4.3500
2781,2,3.7000
2782,1,4.3000
2783,1,4.3000
2784,4,4.8250
2785,1,4.5000
2786,5,4.1400
2787,1,4.9000
2788,53,4.2140
2789,1,4.5000
2790,1,4.8000
2791,103,4.2058
2792,17,4.2000
2793,63,4.2905
2794,22,4.3909
2795,46,4.4522
2796,1,4.1000
2797,97,4.4825
2798,9,4.0823
2799,3,4.1000
2800,1,5.0000
2801,6,4.6167
2802,1,4.4000
2803,1,4.4000
2804,2,3.6000
2805,2,3.3500
2806,2,4.2500
2807,1,3.9000
2808,7,4.1502
2809,5,4.3800
2810,5,4.0200
2811,7,4.2074
2812,2,4.4500
2813,3,4.0172
2814,4,4.0500
2815,4,3.9500
2816,70,4.3582
2817,1,3.8000
2818,20,4.1200
2819,82,4.3280
2820,1,4.4000
2821,15,4.1267
2822,28,4.2286
2823,55,4.4455
2824,11,4.2273
2825,5,4.0925
2826,14,4.2500
2827,8,4.3625
2828,26,4.1962
2829,10,4.4700
2830,12,4.2000
2831,14,4.0726
2832,1,4.7000
2833,7,4.3857
2834,3,3.9667
2835,6,4.3667
2836,18,4.2722
2837,4,4.2250
2838,16,4.3375
2839,11,4.6091
2840,1,4.2000
2841,1,1.5000
2842,5,4.3800
2843,2,4.5500
2844,13,4.4077
2845,2,4.3000
2846,1,1.9000
2847,8,4.6000
2848,2,4.8000
2849,5,4.5200
2850,9,4.5444
2851,1,4.4000
2852,2,4.8000
2853,5,4.6800
2854,2,4.9000
2855,1,4.9000
2856,2,4.6500
2857,25,4.3000
2858,9,4.3222
2859,32,4.3344
2860,2,3.4500
2861,10,4.0600
2862,11,4.2364
2863,8,4.5625
2864,15,4.2533
2865,2,4.3000
2866,27,4.2111
2867,1,4.7000
2868,5,4.6000
2869,1,4.5000
2870,4,4.5500
2871,3,3.9667
2872,31,4.3968
2873,2,4.8500
2874,1,4.2000
2875,1,4.7000
2876,1,2.5000
2877,5,4.0000
2878,1,4.4000
2879,1,4.7000
2880,1,4.9000
2881,3,4.7000
2882,17,4.0118
2883,1,4.6000
2884,115,4.2871
2885,94,4.2883
2886,9,4.2000
2887,11,4.4455
2888,4,4.4250
2889,19,4.3158
2890,1,3.1000
2891,23,4.4826
2892,81,4.3679
2893,1,4.8000
2894,4,4.4750
2895,1,3.2000
2896,1,4.3000
2897,1,4.8000
2898,2,4.3599
2899,94,4.4122
2900,110,4.3691
2901,32,4.3438
2902,115,4.3282
2903,16,4.2062
2904,54,4.2907
2905,42,4.3024
2906,16,4.3062
2907,20,4.3450
2908,3,4.6000
2909,3,4.3667
2910,10,4.1100
2911,12,4.3333
2912,2,4.7500
2913,4,4.6750
2914,28,4.3036
2915,4,4.1750
2916,2,4.6000
2917,2,4.1500
2918,3,4.2333
2919,3,4.4667
2920,1,4.4000
2921,6,4.6000
2922,6,4.3667
2923,3,4.0333
2924,8,4.1000
2925,1,4.8000
2926,1,4.0000
2927,1,4.3000
2928,1,3.5000
2929,1,3.0000
2930,8,4.0911
2931,1,2.5000
2932,1,4.4000
2933,2,3.4500
2934,14,4.3040
2935,7,3.8286
2936,1,5.0000
2937,1,4.6000
2938,5,4.5400
2939,1,4.8000
2940,1,4.7000
2941,1,2.4000
2942,1,2.6000
2943,1,3.8000
2944,1,3.3000
2945,1,3.8000
2946,6,4.6833
2947,3,4.5667
2948,1,4.5000
2949,1,4.7000
2950,4,4.7750
2951,1,4.6000
2952,4,4.3229
2953,1,4.2000
2954,1,4.6000
2955,1,4.3000
2956,1,4.8000
2957,1,4.6000
2958,9,4.4556
2959,4,4.3750
2960,1,4.2000
2961,18,4.5935
2962,3,4.2333
2963,4,4.4000
2964,1,4.8000
2965,1,1.6000
2966,1,4.7000
2967,1,5.0000
2968,2,4.6000
2969,1,3.5000
2970,1,4.4000
2971,2,4.1000
2972,3,4.5000
2973,3,4.8333
2974,8,4.6375
2975,5,4.8400
2976,2,4.6000
2977,5,4.7600
2978,3,4.7333
2979,3,4.6000
2980,2,5.0000
2981,3,4.7333
2982,3,4.7333
2983,3,4.8667
2984,7,4.7714
2985,2,4.9500
2986,2,4.1500
2987,1,5.0000
2988,1,4.9000
2989,1,4.7000
2990,4,4.7750
2991,1,5.0000
2992,1,4.8000
2993,1,4.6000
2994,1,4.1000
2995,1,4.6000
2996,1,4.3000
2997,1,4.6000
2998,1,4.8000
2999,1,4.7000
3000,1,4.8000
3001,2,3.0500
3002,1,4.9000
3003,1,3.7000
3004,1,3.7000
3005,1,4.0000
3006,1,4.7000
3007,1,4.6000
3008,1,4.7000
3009,1,4.8000
3010,4,4.5000
3011,1,4.8000
3012,1,4.6000
3013,1,4.4000
3014,1,4.5000
3015,4,4.5250
3016,1,3.3000
3017,1,3.5000
3018,3,4.8333
3019,2,4.6500
3020,1,4.9000
3021,3,4.5667
3022,2,4.3500
3023,4,4.2250
3024,3,4.6667
3025,3,4.3667
3026,9,4.2000
3027,5,3.7400
3028,3,4.5667
3029,4,4.3000
3030,4,3.8250
3031,4,4.2993
3032,6,4.6667
3033,4,4.6000
3034,3,3.8000
3035,1,4.9000
3036,6,4.1333
3037,1,4.0000
3038,2,4.4000
3039,1,4.8000
3040,2,4.9000
3041,6,4.5500
3042,1,5.0000
3043,1,4.2000
3044,1,4.6000
3045,1,4.5000
3046,1,4.5000
3047,1,4.6000
3048,1,4.3000
3049,1,4.8000
3050,2,4.3000
3051,1,4.6000
3052,1,4.2000
3053,1,3.8000
3054,1,4.1000
3055,1,4.9000
3056,2,4.5500
3057,4,4.8500
3058,1,3.9000
3059,2,4.5500
3060,4,3.4000
3061,1,4.7000
3062,2,4.8500
3063,1,2.9000
3064,1,2.7000
3065,1,4.4000
3066,1,4.8000
3067,1,4.2000
3068,4,3.4000
3069,6,3.0500
3070,1,1.7000
3071,2,2.3000
3072,1,2.9611
3073,1,3.7000
3074,1,4.0000
3075,1,1.7000
3076,1,4.8000
3077,1,1.7000
3078,2,4.3000
3079,1,3.2000
3080,1,4.3000
3081,1,3.2000
3082,1,4.8000
3083,1,3.7000
3084,26,3.8701
3085,1,4.6000
3086,1,2.8000
3087,1,3.5556
3088,10,3.6500
3089,1,4.6000
3090,1,4.7000
3091,1,3.8000
3092,7,3.6810
3093,1,3.7000
3094,1,1.7000
3095,1,1.8000
3096,1,3.2000
3097,2,2.7500
3098,3,4.0333
3099,16,3.5210
3100,1,4.6000
3101,1,4.8000
3102,11,4.5909
3103,1,5.0000
3104,5,4.4600
3105,4,4.4250
3106,2,4.2000
3107,10,4.7100
3108,1,4.9000
3109,5,4.6600
3110,1,4.7000
3111,2,4.5500
3112,1,4.9000
3113,1,5.0000
3114,2,4.7000
3115,74,4.4297
3116,32,4.3594
3117,46,4.3848
3118,32,4.3594
3119,17,4.6294
3120,2,4.3500
3121,1,4.6000
3122,1,4.5000
3123,1,4.8000
3124,11,4.3364
3125,4,4.5500
3126,6,4.0167
3127,3,4.1000
3128,6,4.3500
3129,24,4.4542
3130,22,4.3773
3131,32,4.4031
3132,1,4.7000
3133,3,4.5667
3134,6,4.5500
3135,1,4.9000
3136,6,4.3000
3137,70,4.3943
3138,26,4.3654
3139,11,4.4182
3140,3,4.6667
3141,27,4.4333
3142,2,4.9000
3143,18,4.6000
3144,1,4.4000
3145,1,4.2000
3146,14,4.4786
3147,15,4.3267
3148,33,4.4061
3149,10,4.1200
3150,4,4.5500
3151,2,4.5500
3152,16,4.4875
3153,2,4.7500
3154,5,4.4200
3155,19,4.5895
3156,4,4.6250
3157,1,4.9000
3158,4,4.5750
3159,1,4.5000
3160,2,4.7000
3161,1,4.8000
3162,1,4.6000
3163,1,2.4000
3164,1,4.2000
3165,4,4.4250
3166,5,4.5800
3167,3,4.2000
3168,1,4.6000
3169,3,4.0333
3170,1,4.5000
3171,1,4.9000
3172,2,4.7500
3173,4,4.5500
3174,3,4.8000
3175,1,4.4000
3176,3,4.3333
3177,1,4.8000
3178,1,3.6000
3179,1,3.3000
3180,1,4.8000
3181,2,4.3000
3182,17,4.4353
3183,4,4.4250
3184,6,4.2833
3185,6,4.4167
3186,1,4.7000
3187,5,4.4000
3188,2,4.8000
3189,5,4.3600
3190,5,4.6800
3191,2,4.7500
3192,1,4.7000
3193,1,3.9000
3194,9,4.3889
3195,5,4.4200
3196,1,4.5000
3197,5,4.4800
3198,3,4.5000
3199,6,4.6000
3200,4,4.2000
3201,8,4.4625
3202,5,4.6800
3203,3,4.3000
3204,1,3.7000
3205,23,4.5261
3206,1,4.6000
3207,24,4.1583
3208,3,4.7000
3209,7,4.3857
3210,32,4.3844
3211,2,3.4753
3212,13,4.1923
3213,17,4.4588
3214,14,4.3071
3215,1,4.0505
3216,2,4.8000
3217,1,4.9000
3218,2,4.1500
3219,1,4.5000
3220,23,4.3826
3221,2,4.4000
3222,1,4.4000
3223,1,4.8000
3224,3,4.2667
3225,13,4.4538
3226,1,4.3000
3227,13,4.3692
3228,1,4.7000
3229,14,4.3643
3230,1,5.0000
3231,5,4.2501
3232,15,3.9777
3233,1,4.6000
3234,4,3.5250
3235,1,4.0000
3236,4,3.9750
3237,21,4.3095
3238,37,4.0919
3239,1,4.0000
3240,7,4.0143
3241,1,3.5000
3242,6,4.0333
3243,1,4.5000
3244,7,4.6286
3245,2,4.7000
3246,4,4.3500
3247,9,4.6889
3248,32,4.0812
3249,15,4.4533
3250,24,4.2292
3251,7,4.6571
3252,1,4.3000
3253,10,4.2400
3254,40,4.4000
3255,7,4.4143
3256,21,4.4048
3257,10,4.4000
3258,10,4.0300
3259,3,4.7667
3260,1391,4.2494
3261,12,4.4694
3262,1,5.0000
3263,6,4.2667
3264,8,4.0750
3265,1,4.9000
3266,1,4.6000
3267,1,5.0000
3268,1862,4.2465
3269,1,4.8000
3270,5,3.6400
3271,35,4.3314
3272,2,4.4000
3273,2,4.4239
3274,1,4.6000
3275,10,4.0900
3276,1873,4.2376
3277,2,4.3500
3278,21,4.3429
3279,2,4.4500
3280,3,3.4828
3281,30,4.2363
3282,6,3.9000
3283,3,4.2333
3284,1,3.9000
3285,1,2.6000
3286,1,4.5000
3287,1,3.5000
3288,2,4.9000
3289,1,4.5000
3290,1,4.6000
3291,1,2.0000
3292,1,3.5000
3293,1,4.6000
3294,1,4.6000
3295,7,4.2571
3296,12,4.5188
3297,101,4.3089
3298,3,3.5000
3299,1,4.2000
3300,2,4.3000
3301,29,4.0069
3302,1,4.7000
3303,4,4.3000
3304,9,4.0250
3305,13,4.3615
3306,1,3.9000
3307,2,4.2500
3308,1,4.5000
3309,1,4.3000
3310,1,4.7000
3311,2,3.6000
3312,4,4.5600
3313,9,4.0778
3314,4,4.2750
3315,2,3.9000
3316,6,3.9833
3317,1,3.5000
3318,7,3.7571
3319,3,3.8000
3320,1,3.3000
3321,6,4.3000
3322,1,4.0000
3323,34,4.2059
3324,5,4.0400
3325,17,4.4176
3326,44,4.1318
3327,46,4.3043
3328,55,4.1418
3329,39,4.1333
3330,11,3.6455
3331,48,4.2250
3332,2,4.6000
3333,10,4.4583
3334,3,4.4667
3335,22,4.4500
3336,51,4.4196
3337,12,4.0737
3338,9,4.1000
3339,32,4.1969
3340,64,4.4172
3341,2,4.4500
3342,2,4.9000
3343,28,4.3857
3344,5,4.3400
3345,1,4.3000
3346,1,4.7000
3347,59,4.4661
3348,2,4.6000
3349,25,4.5600
3350,7,4.1714
3351,6,4.2167
3352,1,3.2000
3353,28,4.0929
3354,40,4.2350
3355,24,4.3875
3356,5,4.1200
3357,1,4.4000
3358,1,4.3000
3359,22,4.3636
3360,1,4.8000
3361,44,4.1432
3362,1,3.0000
3363,3,4.4000
3364,2,4.0907
3365,4,4.0500
3366,2,4.6000
3367,24,4.3117
3368,1,2.6000
3369,9,4.5778
3370,3,4.0667
3371,5,3.6200
3372,2,4.2000
3373,1,2.5000
3374,23,4.2991
3375,2,3.4500
3376,6,3.7500
3377,1,4.7000
3378,1,4.4000
3379,1,4.7000
3380,4,3.9250
3381,19,4.3632
3382,21,4.2810
3383,1,4.6000
3384,4,4.1387
3385,3,4.3333
3386,2,4.0750
3387,1,4.6000
3388,14,4.2929
3389,8,4.3625
3390,19,4.2474
3391,3,4.1000
3392,14,4.4286
3393,3,4.1000
3394,5,4.4400
3395,83,4.3482
3396,8,4.3750
3397,64,4.3109
3398,4,4.5000
3399,5,4.0400
3400,1,4.6000
3401,2,3.2500
3402,4,3.9750
3403,7,4.1857
3404,13,4.5154
3405,1,4.6000
3406,1,4.5000
3407,1,4.5000
3408,1,4.3000
3409,12,4.3750
3410,59,4.4169
3411,49,4.3041
3412,2,4.1000
3413,9,4.3444
3414,5,4.0400
3415,1,4.2000
3416,1,4.6000
3417,63,4.2802
3418,1,4.7000
3419,51,4.4039
3420,4,4.5500
3421,10,4.4700
3422,4,4.7000
3423,205,4.3098
3424,1,4.8000
3425,84,4.1095
3426,5,4.5800
3427,14,4.0339
3428,1,2.2000
3429,1,4.9000
3430,1,2.2000
3431,3,4.6000
3432,51,4.2824
3433,48,4.2312
3434,22,4.1773
3435,3,4.6333
3436,9,4.3444
3437,5,4.3600
3438,22,4.5682
3439,36,4.2694
3440,8,4.3750
3441,1,4.6000
3442,1,4.9000
3443,1,4.6000
3444,2,4.2500
3445,2,4.1500
3446,4,4.6500
3447,1,5.0000
3448,3,3.7333
3449,3,3.5667
3450,2,3.9500
3451,4,4.1500
3452,7,4.3714
3453,2,3.9500
3454,3,3.5667
3455,1,3.3000
3456,1,4.8000
3457,2,3.9500
3458,1,4.4000
3459,1,4.3000
3460,7,4.4286
3461,3,3.3810
3462,1,4.3000
3463,2,4.5000
3464,1,4.8000
3465,1,4.9000
3466,1,4.8000
3467,1,4.0000
3468,1,4.8000
3469,4,4.5000
3470,1,3.7000
3471,1,5.0000
3472,1,3.9000
3473,1,3.5000
3474,4,4.2250
3475,1,3.6000
3476,3,3.6333
3477,3,4.0079
3478,6,3.8833
3479,1,3.6000
3480,1,3.9000
3481,1,4.3000
3482,4,4.4365
3483,3,3.4333
3484,2,4.6500
3485,1,4.4000
3486,1,4.7000
3487,1,4.4000
3488,2,4.3500
3489,2,3.4000
3490,1,3.6000
3491,7,3.8429
3492,3,4.5000
3493,6,3.5500
3494,8,4.3250
3495,1,4.7000
3496,1,5.0000
3497,3,4.7667
3498,1,3.6000
3499,4,4.5250
3500,1,4.0000
3501,1,4.9000
3502,5,4.3200
3503,1,4.9000
3504,1,3.8000
3505,1,1.7000
3506,1,5.0000
3507,1,4.4000
3508,1,3.7000
3509,1,4.9000
3510,1,4.7000
3511,1,4.6000
3512,1,4.3000
3513,2,4.7500
3514,2,4.7500
3515,2,4.7000
3516,2,5.0000
3517,2,4.5500
3518,2,4.5500
3519,3,4.5667
3520,1,4.2000
3521,2,4.4000
3522,1,4.6000
3523,1,4.4000
3524,4,4.6250
3525,1,3.6000
3526,1,4.4095
3527,1,5.0000
3528,1,4.1000
3529,2,4.5000
3530,2,4.8000
3531,2,4.5000
3532,2,4.6500
3533,1,4.2000
3534,1,4.8000
3535,1,4.1000
3536,1,4.2000
3537,1,4.6000
3538,2,4.2500
3539,1,4.7000
3540,3,4.5000
3541,1,4.3000
3542,1,4.7000
3543,5,4.5400
3544,2,4.7500
3545,3,4.6000
3546,2,3.1000
3547,1,2.0000
3548,10,4.3200
3549,1,3.5000
3550,1,4.3000
3551,14,4.2214
3552,2,4.5000
3553,3,4.2000
3554,2,4.5500
3555,7,4.2493
3556,1,4.6000
3557,11,4.2091
3558,5,4.5237
3559,5,4.6200
3560,4,4.7750
3561,13,4.5582
3562,1,5.0000
3563,1,4.8000
3564,3,4.6667
3565,7,4.5571
3566,4,4.7750
3567,3,4.5333
3568,20,4.1750
3569,25,4.1080
3570,1,4.8000
3571,2,4.5000
3572,778,4.2997
3573,6,4.4167
3574,42,4.1643
3575,4,4.1000
3576,1,1.9000
3577,1,4.4088
3578,7,4.6286
3579,210,4.3543
3580,1,2.2000
3581,102,4.4149
3582,36,4.4306
3583,97,4.4856
3584,1,4.7000
3585,1,4.3000
3586,3,4.7333
3587,1,4.5000
3588,1,4.4000
3589,2,3.7500
3590,1,4.7000
3591,1,4.4000
3592,2,4.6000
3593,1,4.6000
3594,2,4.0500
3595,1,4.3000
3596,1,4.5000
3597,7,4.0522
3598,1,2.9000
3599,2,4.7000
3600,5,3.7400
3601,2,4.8000
3602,1,4.4000
3603,25,3.9962
3604,1,4.3000
3605,1,4.7000
3606,13,4.6615
3607,12,4.1388
3608,2,4.0500
3609,11,3.8909
3610,3,4.8000
3611,1,5.0000
3612,75,4.5369
3613,2,3.3000
3614,9,4.6111
3615,1,4.9000
3616,4,4.2107
3617,1,4.8000
3618,1,4.4000
3619,6,4.3167
3620,1,4.4429
3621,3,4.7000
3622,2,4.8500
3623,1,2.7000
3624,19,3.6723
3625,1,2.8000
3626,2,3.7000
3627,85,4.1248
3628,1,4.9000
3629,1,2.8000
3630,20,4.2900
3631,3,4.4509
3632,1,4.9000
3633,2,4.8500
3634,1,4.7000
3635,3,4.4000
3636,1,4.6000
3637,2,4.2000
3638,7,4.6048
3639,1,4.9000
3640,2,4.2000
3641,1,4.5000
3642,1,4.7000
3643,1,4.6000
3644,1,4.9000
3645,1,3.0000
3646,1,3.0000
3647,1,2.3000
3648,4,4.0750
3649,2,4.5000
3650,6,4.6500
3651,1,4.5000
3652,1,2.5000
3653,1,4.3000
3654,1,4.5000
3655,56,4.3893
3656,1,4.3817
3657,5,4.4200
3658,6,4.7000
3659,38,4.4000
3660,43,4.3302
3661,1,2.4000
3662,3,4.2333
3663,29,4.4304
3664,2,4.9000
3665,7,4.0857
3666,1,2.7000
3667,3,4.7657
3668,1,4.2000
3669,1,4.4000
3670,5,4.0594
3671,3,4.5667
3672,2,4.1000
3673,1,4.1000
3674,3,4.7000
3675,1,3.2000
3676,1,3.2000
3677,2,4.7500
3678,1,4.7000
3679,3,4.8333
3680,2,4.7000
3681,5,4.2043
3682,6,4.7167
3683,1,2.7000
3684,1,4.6000
3685,1,4.9000
3686,1,4.8000
3687,1,4.8000
3688,1,3.4000
3689,1,4.7000
3690,7,4.5143
3691,4,4.7250
3692,1,4.9000
3693,1,4.8000
3694,3,4.1000
3695,1,4.5000
3696,2,4.6500
3697,8,4.4125
3698,11,4.4364
3699,2,4.8000
3700,1,4.8000
3701,2,4.5500
3702,1,4.6000
3703,2,4.4667
3704,1,4.9000
3705,4,2.9500
3706,54,4.0522
3707,1,4.1000
3708,2,4.3000
3709,1,4.5000
3710,1,4.4000
3711,3,4.4667
3712,2,4.8000
3713,1,4.3000
3714,6,4.3333
3715,2,4.7500
3716,3,4.4364
3717,2,4.7500
3718,1,4.3000
3719,2,3.9000
3720,1,3.9000
3721,12,4.5667
3722,2,4.4000
3723,2,4.0500
3724,1,1.7000
3725,6,4.2833
3726,2,3.8500
3727,1,5.0000
3728,10,4.5800
3729,5,3.8800
3730,11,4.1273
3731,6,4.6333
3732,1,4.0000
3733,1,4.7000
3734,1,4.8000
3735,4,4.6750
3736,7,4.2571
3737,8,4.3750
3738,2,4.4000
3739,1,4.9000
3740,1,4.8000
3741,3,4.6333
3742,1,4.4000
3743,1,4.2000
3744,10,4.3800
3745,1,4.8000
3746,1,4.6000
3747,12,4.2596
3748,1,4.6000
3749,11,3.4909
3750,2,4.5500
3751,6,4.4167
3752,5,4.5400
3753,1,4.6000
3754,1,3.0000
3755,2,4.4000
3756,1,1.7000
3757,1,1.7000
3758,1,1.7000
3759,2,2.6000
3760,3,2.8000
3761,2,2.4500
3762,2,4.7000
3763,5,4.6000
3764,10,4.6600
3765,2,4.6500
3766,4,4.3000
3767,1,4.3000
3768,2,4.4000
3769,12,4.4500
3770,2,4.7000
3771,1,4.4000
3772,1,4.5667
3773,1,4.5667
3774,2,4.8500
3775,1,4.0000
3776,2,2.6000
3777,2,4.1000
3778,1,3.2000
3779,1,3.7000
3780,1,5.0000
3781,6,4.7167
3782,1,4.3000
3783,1,4.8000
3784,5,4.5000
3785,4,4.4000
3786,2,4.4500
3787,1,4.6000
3788,1,4.3846
3789,1,4.1000
3790,9,4.5556
3791,2,4.0923
3792,1,3.2000
3793,6,3.3955
3794,2,4.1000
3795,4,4.1750
3796,2,2.4500
3797,1,1.7000
3798,5,3.2000
3799,1,1.7000
3800,2,2.7500
3801,1,3.6000
3802,1,1.7000
3803,1,3.8000
3804,1,1.7000
3805,1,1.7000
3806,1,1.8000
3807,4,3.0000
3808,1,1.7000
3809,1,1.7000
3810,3,3.1000
3811,1,1.7000
3812,1,1.7000
3813,1,1.7000
3814,1,3.8000
3815,1,1.7000
3816,2,2.7500
3817,1,2.6000
3818,1,1.6000
3819,2,4.0500
3820,25,4.4200
3821,9,4.4778
3822,88,4.1709
3823,80,4.3205
3824,2,4.7000
3825,19,4.3547
3826,1,1.6000
3827,1,2.0000
3828,1,3.7000
3829,1,3.1000
3830,33,4.3515
3831,65,4.4123
3832,2,4.7000
3833,13,4.5692
3834,2,4.4500
3835,2,2.3500
3836,13,3.8627
3837,1,4.4000
3838,6,3.5833
3839,1,2.1000
3840,1,4.2402
3841,1,3.0000
3842,1,3.9000
3843,1,3.3000
3844,3,3.8333
3845,57,3.9211
3846,4,3.8953
3847,4,4.6750
3848,1,4.8000
3849,1,4.2000
3850,1,4.7000
3851,4,3.9303
3852,2,3.7000
3853,2,4.9000
3854,1,4.6000
3855,49,4.2808
3856,113,4.3214
3857,1,5.0000
3858,2,4.9500
3859,1,4.8000
3860,14,4.2827
3861,8,4.4750
3862,1,4.6000
3863,2,4.9500
3864,1,4.8000
3865,1,4.8000
3866,1,4.3575
3867,2,3.2000
3868,12,4.0250
3869,2,4.4000
3870,1,5.0000
3871,6,4.1076
3872,1,5.0000
3873,1,5.0000
3874,1,3.4000
3875,1,3.4000
3876,1,5.0000
3877,1,1.7000
3878,1,4.0000
3879,2,3.8500
3880,4,4.4000
3881,2,3.9500
3882,1,4.1000
3883,12,4.6333
3884,2,3.1000
3885,7,4.1662
3886,9,4.3869
3887,1,4.8000
3888,7,4.3571
3889,1,4.8000
3890,26,4.3031
3891,5,4.5000
3892,1,4.8000
3893,1,5.0000
3894,3,4.7667
3895,1,4.6000
3896,3,4.8333
3897,7,4.2286
3898,1,3.8000
3899,11,4.7364
3900,1,4.8000
3901,1,3.6000
3902,1,4.8000
3903,1,4.4000
3904,1,4.4000
3905,1,4.9000
3906,5,3.4029
3907,3,4.0333
3908,1,4.4000
3909,2,4.5000
3910,2,3.5500
3911,1,4.8000
3912,1,4.8000
3913,1,4.8000
3914,1,4.8000
3915,4,4.7500
3916,1,4.6000
3917,4,4.5500
3918,4,4.8000
3919,4,4.5000
3920,2,4.6500
3921,2,4.6500
3922,1,3.6000
3923,25,4.4160
3924,51,4.4078
3925,37,4.4378
3926,235,4.4460
3927,1,4.9000
3928,69,4.3652
3929,242,4.3917
3930,1,4.9000
3931,1,4.2000
3932,23,4.5215
3933,145,4.3676
3934,1,4.9000
3935,34,4.4941
3936,212,4.3943
3937,1,4.9000
3938,52,4.4269
3939,56,4.4911
3940,98,4.4939
3941,1,4.9000
3942,16,4.4500
3943,13,4.5769
3944,4,4.2750
3945,266,4.4279
3946,138,4.4167
3947,5,4.2000
3948,571,4.2435
3949,106,4.3734
3950,8,4.6750
3951,1,4.8000
3952,4,4.4500
3953,1,4.7000
3954,4,4.7500
3955,177,4.4187
3956,168,4.2416
3957,579,4.3265
3958,7,3.6714
3959,2,4.7000
3960,6,3.4833
3961,1,4.6000
3962,5,3.3200
3963,8,3.7625
3964,1,4.6000
3965,3,3.5000
3966,4,3.8500
3967,4,3.0750
3968,1,4.6000
3969,6,3.6333
3970,1,4.6000
3971,14,4.3643
3972,13,4.3385
3973,2,4.0000
3974,1,3.1000
3975,17,4.3000
3976,1,3.1000
3977,24,4.2875
3978,1,4.4000
3979,1,4.4000
3980,2,4.5500
3981,1,4.6000
3982,15,4.2000
3983,14,4.5714
3984,6,4.3667
3985,7,4.1000
3986,5,4.4000
3987,1,2.3000
3988,1,3.7000
3989,2,4.8000
3990,2,3.5500
3991,1,2.2000
3992,1,4.3000
3993,6,4.5598
3994,1,4.8000
3995,1,4.9000
3996,41,4.4171
3997,2,4.7000
3998,125,4.4485
3999,3,4.5352
4000,2,4.3000
4001,36,4.3083
4002,113,4.4416
4003,1,2.2000
4004,3,4.1000
4005,29,4.5069
4006,6,4.3255
4007,1,4.0000
4008,8,4.5144
4009,1,2.4000
4010,5,4.3800
4011,1,4.8000
4012,3,3.9667
4013,7,4.5000
4014,43,4.4093
4015,30,4.4233
4016,2,3.4000
4017,13,4.4615
4018,3,4.4333
4019,12,4.7000
4020,45,4.4444
4021,29,4.2289
4022,40,4.4150
4023,14,4.3571
4024,3,3.9667
4025,1,4.8000
4026,6,4.3290
4027,3,4.2667
4028,1,4.2000
4029,3,4.6667
4030,7,4.4053
4031,4,4.5842
4032,1,4.9000
4033,1,3.9000
4034,14,3.7658
4035,23,4.2304
4036,3,4.2000
4037,11,3.8919
4038,1,4.7000
4039,2,4.8500
4040,2,4.4500
4041,3,4.7333
4042,5,4.1200
4043,1,4.4000
4044,2,4.0000
4045,2,3.6500
4046,1,4.3000
4047,2,4.4528
4048,3,3.6333
4049,1,2.9000
4050,1,4.2000
4051,1,4.3000
4052,3,4.3000
4053,1,3.5000
4054,2,4.5000
4055,1,3.9000
4056,2,2.9500
4057,1,4.9000
4058,1,3.8000
4059,1,3.6000
4060,1,3.7000
4061,1,3.0000
4062,3,3.9667
4063,1,3.6000
4064,1,4.4000
4065,3,4.3667
4066,6,3.8400
4067,2,2.9500
4068,1,4.4000
4069,7,4.3692
4070,3,3.7000
4071,4,3.8500
4072,3,4.1333
4073,1,4.9000
4074,1,4.4000
4075,4,4.6000
4076,1,4.3000
4077,2,3.4500
4078,1,5.0000
4079,1,3.5000
4080,2,4.2500
4081,1,4.3000
4082,3,4.8667
4083,1,3.9000
4084,17,4.4235
4085,2,3.8100
4086,1,4.1000
4087,1,4.4000
4088,2,4.9500
4089,4,4.2250
4090,2,4.2000
4091,2,4.9000
4092,6,4.4500
4093,4,4.2000
4094,2,4.2500
4095,1,5.0000
4096,5,4.2200
4097,1,3.6000
4098,4,4.5250
4099,2,4.4500
4100,1,3.3000
4101,1,4.8000
4102,1,3.7000
4103,1,1.8000
4104,1,1.7000
4105,2,3.2500
4106,1,4.7000
4107,1,1.7000
4108,1,3.7000
4109,1,2.7000
4110,1,1.7000
4111,1,3.8000
4112,1,1.7000
4113,1,3.4000
4114,4,3.4750
4115,2,2.4500
4116,1,1.7000
4117,1,1.7000
4118,2,4.5500
4119,3,4.0333
4120,2,4.6000
4121,1,4.9000
4122,1,4.7000
4123,8,4.5000
4124,25,4.6520
4125,9,4.5333
4126,1,2.8000
4127,1,4.8000
4128,1,2.9000
4129,1,4.2000
4130,5,4.6200
4131,1,3.9000
4132,15,4.2836
4133,5,4.7800
4134,3,3.8000
4135,1,4.9000
4136,1,4.7000
4137,1,4.8000
4138,3,4.7333
4139,1,5.0000
4140,3,4.6333
4141,1,4.5000
4142,23,4.6478
4143,2,3.6500
4144,1,4.8000
4145,1,4.5000
4146,1,4.0000
4147,21,4.3238
4148,12,4.4250
4149,1,4.8000
4150,16,4.0500
4151,1,4.5000
4152,1,4.5000
4153,1,4.8000
4154,24,4.4292
4155,1,5.0000
4156,3,4.8667
4157,5,4.6400
4158,9,4.6333
4159,2,4.5500
4160,1,4.6000
4161,1,4.8000
4162,1,4.4000
4163,4,4.4000
4164,1,5.0000
4165,1,5.0000
4166,1,4.9000
4167,3,4.2000
4168,1,4.9000
4169,5,4.6600
4170,1,4.3000
4171,1,4.3000
4172,1,5.0000
4173,1,4.6000
4174,10,4.5100
4175,2,4.4500
4176,4,4.0000
4177,4,3.9000
4178,3,4.7000
4179,1,4.4000
4180,5,4.6000
4181,1,4.6000
4182,1,4.3000
4183,2,3.9571
4184,2,4.8500
4185,1,4.7000
4186,1,3.8000
4187,1,1.9000
4188,4,3.9250
4189,24,4.3958
4190,1,4.4000
4191,1,4.4000
4192,3,4.7000
4193,29,4.4931
4194,2,4.4500
4195,1,5.0000
4196,1,4.9000
4197,1,4.3000
4198,45,4.4911
4199,1,4.9000
4200,2,4.2788
4201,1,5.0000
4202,1,4.7000
4203,2,3.4500
4204,13,4.3923
4205,2,4.7500
4206,5,4.2000
4207,2,4.5500
4208,5,4.4035
4209,28,4.5521
4210,1,4.9000
4211,10,4.3015
4212,1,4.4000
4213,2,4.6000
4214,16,4.4062
4215,2,4.7000
4216,1,4.3000
4217,2,4.5300
4218,1,3.8000
4219,1,4.9000
4220,1,4.0000
4221,41,4.4854
4222,8,4.5750
4223,17,4.5176
4224,1,4.1000
4225,3,4.4333
4226,1,4.8000
4227,1,5.0000
4228,41,4.5341
4229,3,4.4667
4230,16,4.2375
4231,2,4.5500
4232,1,4.2000
4233,1,2.0000
4234,45,3.9511
4235,1,5.0000
4236,1,4.3000
4237,1,4.7000
4238,1,4.9000
4239,1,4.9000
4240,355,4.1625
4241,17,4.4706
4242,45,4.2778
4243,254,4.3228
4244,1,1.9000
4245,1,2.7000
4246,1,5.0000
4247,1,4.2000
4248,1,1.9000
4249,3,3.2333
4250,1,1.9000
4251,1,1.9000
4252,1,3.5000
4253,1,4.1000
4254,1,3.9000
4255,3,3.9667
4256,1,3.1000
4257,1,4.3798
4258,1,1.5000
4259,2,4.1000
4260,1,4.0000
4261,34,3.8991
4262,2,4.1000
4263,2,2.9899
4264,5,4.1760
4265,1,2.0000
4266,545,4.2350
4267,2,3.3500
4268,160,4.2602
4269,1,4.2000
4270,1,4.8000
4271,1,2.9000
4272,73,4.0515
4273,1,4.7000
4274,11,4.4182
4275,1,2.8000
4276,105,3.9851
4277,5,4.6400
4278,5,4.0200
4279,5,4.1000
4280,6,3.6167
4281,1,4.2000
4282,1,4.4000
4283,11,3.6054
4284,1,1.6000
4285,1,3.9000
4286,12,3.8833
4287,3,4.6000
4288,6,3.8167
4289,1,3.8000
4290,1,1.5000
4291,1,3.8000
4292,3,4.3933
4293,1,5.0000
4294,4,4.0149
4295,1,4.3000
4296,5,3.7400
4297,4,3.7200
4298,2,4.6500
4299,1,3.7000
4300,4,4.2149
4301,13,4.0846
4302,1,3.3000
4303,1,3.8000
4304,1,4.6000
4305,1,1.6000
4306,1,4.2000
4307,1,4.9000
4308,4,4.0149
4309,1,4.3798
4310,1,4.7000
4311,5,4.2360
4312,2,4.3798
4313,1,4.3000
4314,1,4.6000
4315,2,4.5399
4316,7,3.8857
4317,7,4.5857
4318,2,4.3000
4319,2,4.6000
4320,1,4.3000
4321,1,3.4000
4322,1,3.0000
4323,4,3.5750
4324,1,4.3798
4325,1,4.3798
4326,2,4.3798
4327,1,3.4000
4328,25,4.3360
4329,39,4.1667
4330,1,4.0000
4331,3,3.5000
4332,41,4.0634
4333,4,3.9750
4334,1,4.2000
4335,5,3.7200
4336,1,4.9000
4337,213,4.2817
4338,40,4.0000
4339,6,3.7833
4340,1,4.4000
4341,1,1.6000
4342,1,1.9000
4343,1,4.3000
4344,7,4.3143
4345,1,3.9000
4346,1,3.9000
4347,2,4.4714
4348,3,4.1000
4349,4,4.3857
4350,1,4.3000
4351,1,4.1000
4352,2,4.7000
4353,11,4.2455
4354,22,4.4955
4355,1,4.3000
4356,3,4.7333
4357,29,4.5621
4358,1,5.0000
4359,1,4.2000
4360,102,4.5569
4361,1,4.6000
4362,1,4.6000
4363,1,4.5000
4364,15,4.6933
4365,46,4.6174
4366,1,4.6000
4367,11,4.5364
4368,1,3.6143
4369,6,3.4000
4370,1,1.9000
4371,3,3.2788
4372,1,4.7000
4373,6,3.6561
4374,3,3.8788
4375,2,3.3000
4376,1,4.4000
4377,13,3.9538
4378,1,4.3000
4379,1,1.7000
4380,1,4.1000
4381,1,4.8000
4382,1,4.1000
4383,5,4.5200
4384,1,4.3000
4385,1,5.0000
4386,1,4.8000
4387,1,5.0000
4388,1,4.6000
4389,1,4.7000
4390,2,4.3000
4391,1,4.4333
4392,51,3.9961
4393,1,3.3000
4394,1,3.5000
4395,1,4.4000
4396,4,3.9500
4397,1,2.7000
4398,1,4.4000
4399,1,1.9000
4400,1,2.7000
4401,1,1.9000
4402,1,2.9000
4403,1,3.7000
4404,2,3.2000
4405,6,4.2167
4406,4,3.9250
4407,1,3.8000
4408,1,3.7000
4409,2,3.6500
4410,1,3.6000
4411,1,5.0000
4412,1,5.0000
4413,1,1.7000
4414,40,4.4725
4415,3,4.6667
4416,1,3.8000
4417,1,4.9000
4418,1,3.4000
4419,565,4.2312
4420,38,4.3816
4421,1,3.7000
4422,1,3.1000
4423,2,3.2500
4424,1,1.9000
4425,1,3.5000
4426,1,4.5000
4427,1,2.7000
4428,1,3.2000
4429,5,3.7200
4430,1,4.2000
4431,1,1.9000
4432,1,4.3000
4433,1,3.7000
4434,1,4.5000
4435,1,4.4000
4436,1,4.1000
4437,5,4.0600
4438,1,4.0000
4439,2,1.9000
4440,2,4.6500
4441,1,3.9000
4442,1,4.4000
4443,1,4.4000
4444,1,4.4000
4445,1,3.6000
4446,1,4.2000
4447,1,4.2000
4448,1,4.5000
4449,2,3.1000
4450,1,1.7000
4451,1,4.4000
4452,1,3.1000
4453,1,4.4000
4454,1,5.0000
4455,1,4.2000
4456,1,3.9000
4457,2,4.1000
4458,99,4.1082
4459,1,4.7000
4460,8,3.5464
4461,2,3.3000
4462,1,4.7000
4463,2,3.1500
4464,1,3.7000
4465,8,4.0500
4466,1,4.3000
4467,1,4.4000
4468,5,3.6200
4469,2,4.8500
4470,5,4.3800
4471,1,3.8000
4472,1,2.7000
4473,1,3.8000
4474,4,4.3750
4475,1,3.5000
4476,2,4.8500
4477,1,3.5000
4478,1,5.0000
4479,441,4.2770
4480,1,1.8000
4481,2,4.4000
4482,3,4.3333
4483,94,4.2646
4484,1,3.8000
4485,8,4.0625
4486,1,4.7000
4487,1,4.9000
4488,9,4.5222
4489,4,4.6750
4490,3,3.6333
4491,3,4.6000
4492,5,3.2800
4493,1,3.9000
4494,1,3.7000
4495,1,3.9000
4496,3,3.3905
4497,1,4.2000
4498,1,4.6000
4499,1,4.5000
4500,1,4.3000
4501,1,5.0000
4502,14,4.1857
4503,1,3.8000
4504,1,4.1000
4505,3,3.1000
4506,5,4.1000
4507,1,4.8000
4508,2,4.9500
4509,2,3.4000
4510,7,4.4000
4511,24,4.2792
4512,1,3.2000
4513,2,4.1000
4514,1,2.5000
4515,65,4.1853
4516,16,3.9160
4517,1,4.4000
4518,1,2.8000
4519,1,4.5000
4520,129,4.3081
4521,1,3.8000
4522,45,4.2617
4523,1,4.6000
4524,2,3.9500
4525,1,4.9000
4526,1,4.4000
4527,2,4.7500
4528,1,4.3000
4529,1,3.8000
4530,3,4.1667
4531,1,3.6000
4532,3,4.4333
4533,2,2.7500
4534,17,3.8773
4535,1,4.2000
4536,1,5.0000
4537,5,4.3772
4538,1,4.5000
4539,1,3.9000
4540,1,2.4000
4541,1,2.8000
4542,2,4.0500
4543,1,3.5000
4544,12,3.9286
4545,2,4.4000
4546,1,5.0000
4547,5,3.8486
4548,1,4.3000
4549,1,4.8000
4550,1,3.6000
4551,1,3.6000
4552,1,4.2716
4553,3,3.8333
4554,4,3.7500
4555,9,4.0398
4556,3,4.2688
4557,1,4.1000
4558,1,4.2716
4559,1,4.9000
4560,2,4.5858
4561,11,3.4818
4562,6,3.8833
4563,1,3.4000
4564,2,4.0500
4565,1,4.0000
4566,1,2.7000
4567,5,2.8200
4568,2,3.3500
4569,1,4.8000
4570,4,3.1250
4571,2,3.1500
4572,2,4.2716
4573,1,2.8000
4574,3,4.1667
4575,3,3.4239
4576,3,4.4688
4577,1,2.7000
4578,2,4.3358
4579,2,4.1000
4580,1,5.0000
4581,1,4.4000
4582,1,4.5000
4583,3,4.0000
4584,1,2.8000
4585,2,3.2500
4586,1,4.0000
4587,4,4.2500
4588,14,3.2143
4589,1,2.1000
4590,1,4.0000
4591,1,4.3000
4592,2,4.1000
4593,1,2.6000
4594,1,4.3000
4595,2,4.6000
4596,2,4.8500
4597,11,4.3818
4598,8,4.6250
4599,12,4.5750
4600,3,4.7333
4601,1,4.3000
4602,1,4.3000
4603,1,4.9000
4604,30,4.4467
4605,9,4.5667
4606,1,4.7000
4607,1,5.0000
4608,22,4.5364
4609,2,4.5500
4610,1,5.0000
4611,3,4.5000
4612,28,4.4464
4613,7,4.1000
4614,1,4.7000
4615,1,4.9000
4616,2,4.2500
4617,4,4.5750
4618,13,4.6769
4619,17,4.5412
4620,1,4.4000
4621,1,4.4000
4622,10,4.5800
4623,4,4.2750
4624,1,4.2000
4625,1,5.0000
4626,23,4.4565
4627,8,4.5625
4628,4,4.2500
4629,6,4.6833
4630,8,4.5350
4631,10,4.6400
4632,2,4.6500
4633,2,4.6500
4634,21,4.4381
4635,3,4.5667
4636,1,4.7000
4637,1,4.3000
4638,1,4.7000
4639,2,4.6500
4640,1,4.8000
4641,2,4.6000
4642,5,4.4400
4643,14,4.5357
4644,3,4.1000
4645,3,4.8000
4646,2,4.8000
4647,4,4.6250
4648,11,4.4636
4649,1,4.6000
4650,1,5.0000
4651,3,4.6667
4652,7,4.5857
4653,1,5.0000
4654,1,5.0000
4655,9,4.6222
4656,1,4.7000
4657,27,4.4259
4658,6,4.7167
4659,1,4.6000
4660,1,4.2000
4661,4,4.5500
4662,1,4.6000
4663,3,4.6000
4664,1,4.8000
4665,1,4.7000
4666,1,5.0000
4667,11,4.5636
4668,6,4.3833
4669,1,4.9000
4670,3,4.5667
4671,1,4.7000
4672,1,4.8000
4673,2,3.9500
4674,4,4.5250
4675,2,4.5500
4676,1,5.0000
4677,2,4.2500
4678,1,4.6000
4679,5,4.8000
4680,1,4.5000
4681,1,4.3000
4682,1,4.7000
4683,1,5.0000
4684,1,4.8000
4685,1,4.0000
4686,1,2.8000
4687,34,4.1529
4688,1,3.5000
4689,1,3.8000
4690,1,2.9000
4691,1,1.7000
4692,1,1.7000
4693,1,1.7000
4694,1,1.7000
4695,2,2.4500
4696,1,1.7000
4697,1,3.8000
4698,1,1.7000
4699,3,2.2667
4700,2,3.8000
4701,1,1.7000
4702,489,4.2454
4703,1,4.6000
4704,1,4.4000
4705,2,4.1000
4706,3,3.9667
4707,1,3.3000
4708,2,4.0000
4709,1,2.9000
4710,1,3.3000
4711,1,4.2000
4712,1,4.7000
4713,1,3.3000
4714,1,3.9000
4715,14,3.9429
4716,1,4.2966
4717,1,3.4000
4718,4,4.1000
4719,4,3.3250
4720,1,1.7000
4721,3,2.8333
4722,1,3.7000
4723,1,3.9000
4724,1,3.9000
4725,1,3.9000
4726,1,4.2000
4727,3,4.8000
4728,2,3.1500
4729,1,2.5000
4730,2,4.7000
4731,1,4.7000
4732,21,4.6000
4733,3,4.7000
4734,4,4.6250
4735,1,1.7000
4736,1,4.8000
4737,6,4.4500
4738,1,3.6000
4739,1,4.6000
4740,1,4.6000
4741,1,4.4000
4742,1,2.4000
4743,2,4.2500
4744,1,4.9000
4745,1,4.7000
4746,1,3.0000
4747,2,3.8000
4748,2,2.6000
4749,1,3.8000
4750,34,3.9734
4751,6,4.6155
4752,2,4.2000
4753,1,4.8000
4754,1,4.7000
4755,10,4.4700
4756,1,5.0000
4757,35,4.2999
4758,1,3.9000
4759,3,3.7333
4760,1,4.8000
4761,2,4.1500
4762,2,4.2500
4763,1,4.5000
4764,1,4.4000
4765,1,3.0000
4766,120,4.0395
4767,37,4.1097
4768,6,4.0500
4769,1,2.8000
4770,9,3.6444
4771,2,4.2500
4772,1,4.4000
4773,1,4.4000
4774,2,3.7500
4775,1,2.7000
4776,6,4.2500
4777,2,2.8000
4778,1,4.2966
4779,86,4.1931
4780,1,3.0000
4781,10,4.2297
4782,2,2.0000
4783,1,4.2000
4784,1,4.4000
4785,1,4.5000
4786,27,4.4741
4787,69,4.4152
4788,3,3.7333
4789,1,4.7000
4790,5,4.6600
4791,5,4.5800
4792,1,3.2000
4793,5,3.5193
4794,4,4.0750
4795,2,3.1000
4796,16,4.2237
4797,1,2.8000
4798,1,4.3000
4799,2,4.7000
4800,1,3.0000
4801,1,3.6000
4802,1,4.0000
4803,2,4.0000
4804,1,2.8000
4805,1,1.3000
4806,9,3.1989
4807,1,4.2966
4808,1,4.0000
4809,1,4.3000
4810,6,4.1765
4811,1,1.3000
4812,13,3.4769
4813,1,4.1000
4814,1,4.1000
4815,1,4.1000
4816,1,4.1000
4817,1,4.2000
4818,1,4.6000
4819,1,4.1000
4820,1,4.3000
4821,1,4.6000
4822,1,3.6000
4823,1,5.0000
4824,1,3.6000
4825,9,3.3778
4826,4,4.1500
4827,1,2.2000
4828,19,4.4579
4829,2,3.1000
4830,1,3.8000
4831,1,3.1000
4832,2,4.2500
4833,1,2.2000
4834,13,4.1615
4835,1,3.8000
4836,6,3.2000
4837,1,1.9000
4838,1,1.9000
4839,8,3.3750
4840,1,3.7000
4841,2,3.8500
4842,1,4.1000
4843,3,3.7000
4844,1,4.1000
4845,1,1.7000
4846,1,2.8000
4847,2,4.4500
4848,1,2.9000
4849,1,2.9000
4850,2,3.5500
4851,1,4.6000
4852,1,2.4000
4853,1,3.9000
4854,1,4.4000
4855,1,4.4000
4856,2,3.0500
4857,14,4.3299
4858,7,3.8714
4859,4,4.7000
4860,28,4.1945
4861,2,3.7500
4862,1,4.7000
4863,1,4.3000
4864,1,4.3000
4865,1,4.0000
4866,3,4.6667
4867,2,4.4000
4868,3,4.0729
4869,1,2.7000
4870,1,4.7000
4871,8,4.0547
4872,2,4.0500
4873,1,4.3000
4874,3,3.8698
4875,2,4.1047
4876,1,4.3000
4877,3,4.6667
4878,2,2.7000
4879,24,4.4708
4880,3,3.8667
4881,4,3.8234
4882,26,4.0072
4883,1,3.9937
4884,2,4.2968
4885,1,4.2000
4886,8,3.9742
4887,3,4.2667
4888,3,4.0667
4889,3,4.0000
4890,3,3.8333
4891,13,4.3000
4892,12,3.6167
4893,6,3.9667
4894,1,3.9000
4895,3,3.7667
4896,8,4.4500
4897,2,4.8500
4898,40,4.4800
4899,13,4.6077
4900,10,4.6300
4901,20,4.5450
4902,9,4.4222
4903,19,4.4684
4904,1,4.8000
4905,2,4.3500
4906,1,5.0000
4907,10,4.4700
4908,1,5.0000
4909,1,4.0000
4910,31,4.5000
4911,1,3.4000
4912,1,4.8000
4913,35,4.5686
4914,1,3.4000
4915,1,4.7000
4916,2,4.9500
4917,20,4.6350
4918,9,4.5889
4919,1,4.3000
4920,1,3.1000
4921,1,4.5000
4922,1,4.6000
4923,1,3.7000
4924,2,4.2000
4925,1,4.1000
4926,278,4.3273
4927,2,4.8000
4928,1,4.5000
4929,2,4.2000
4930,1,3.6000
4931,1,4.7000
4932,1,3.6000
4933,1,4.7000
4934,2,2.8500
4935,1,4.9000
4936,1,5.0000
4937,1,1.2000
4938,248,4.3481
4939,2,4.9000
4940,1,4.5000
4941,1,5.0000
4942,7,4.4714
4943,1,4.9000
4944,8,4.2250
4945,1,4.5000
4946,7,4.2857
4947,1,4.6000
4948,1,1.7000
4949,1,1.7000
4950,1,1.7000
4951,2,3.7000
4952,2,3.2500
4953,1,2.7000
4954,1,4.8000
4955,1,1.7000
4956,1,1.7000
4957,2,3.8278
4958,1,4.2000
4959,2,2.8500
4960,3,3.6000
4961,1,1.7000
4962,1,1.7000
4963,1,1.7000
4964,1,4.0000
4965,1,2.8000
4966,1,4.0000
4967,2,2.4500
4968,6,3.7250
4969,1,4.9000
4970,1,4.9000
4971,1,3.9000
4972,1,4.3000
4973,1,4.3000
4974,1,2.4000
4975,3,4.5667
4976,1,1.2000
4977,1,3.8000
4978,2,3.4000
4979,2,2.4500
4980,1,4.4000
4981,1,4.7000
4982,1,4.3000
4983,2,2.7500
4984,1,4.2000
4985,2,4.7000
4986,5,4.0400
4987,1,4.8000
4988,5,4.1400
4989,4,4.1000
4990,3,3.6000
4991,3,2.5333
4992,2,3.9000
4993,2,4.7500
4994,1,4.3000
4995,2,3.8000
4996,2,3.8500
4997,1,3.5667
4998,4,4.4000
4999,1,4.5000
5000,2,3.7000
5001,2,4.6500
5002,1,1.1000
5003,1,4.0000
5004,1,4.7000
5005,5,4.1800
5006,9,4.3889
5007,3,4.5333
5008,1,4.5000
5009,39,4.3359
5010,10,4.1200
5011,1,3.8000
5012,2,4.2000
5013,3,4.6333
5014,11,4.4818
5015,6,4.4833
5016,3,4.5000
5017,18,4.1889
5018,1,4.3000
5019,2,4.6500
5020,14,4.1071
5021,2,4.6500
5022,1,4.9000
5023,1,4.4000
5024,2,4.2000
5025,9,4.2778
5026,1,4.5000
5027,1,3.9000
5028,4,4.6250
5029,4,4.4250
5030,1,4.6000
5031,1,3.9000
5032,1,4.7000
5033,1,4.8000
5034,3,4.6667
5035,2,4.7000
5036,1,4.8000
5037,10,4.3200
5038,10,4.3500
5039,1,3.9000
5040,1,3.3000
5041,5,4.3600
5042,1,4.4000
5043,1,4.5000
5044,3,4.0000
5045,6,3.9000
5046,1,4.9000
5047,1,2.8000
5048,1,3.2000
5049,1,1.8000
5050,3,2.4333
5051,1,4.4000
5052,1,5.0000
5053,1,1.7000
5054,1,1.7000
5055,1,1.7000
5056,1,1.7000
5057,1,3.4000
5058,1,5.0000
5059,7,3.5857
5060,3,3.2333
5061,1,1.7000
5062,1,1.7000
5063,1,4.3000
5064,1,5.0000
5065,1,3.8000
5066,9,4.0693
5067,4,4.5250
5068,34,3.6988
5069,1,3.2000
5070,22,4.0884
5071,6,4.5000
5072,5,4.8600
5073,6,4.0333
5074,2,3.5500
5075,2,4.0360
5076,36,3.8367
5077,3,3.6333
5078,4,3.6500
5079,1,4.2000
5080,30,4.5200
5081,3,4.6333
5082,16,4.4375
5083,3,4.1667
5084,61,4.4180
5085,1,3.5000
5086,4,4.1250
5087,24,4.6167
5088,3,4.6000
5089,1,3.5000
5090,4,4.4500
5091,1,4.6000
5092,3,4.5333
5093,2,4.5500
5094,15,4.5933
5095,32,4.5812
5096,19,4.5579
5097,56,4.5802
5098,1,4.9000
5099,1,4.7000
5100,22,4.6273
5101,1,3.9000
5102,23,4.5522
5103,13,4.4231
5104,4,4.7750
5105,2,4.5500
5106,1,4.2000
5107,3,4.7667
5108,3,4.4000
5109,3,4.4667
5110,3,4.3000
5111,1,4.8000
5112,1,3.6000
5113,1,4.7000
5114,6,4.4500
5115,1,5.0000
5116,2,4.5000
5117,5,4.4600
5118,3,3.5000
5119,1,2.2000
5120,9,4.6333
5121,3,4.5333
5122,1,3.7000
5123,3,4.1333
5124,16,4.3688
5125,1,1.9000
5126,5,4.5400
5127,2,3.7056
5128,15,4.2156
5129,1,3.2000
5130,4,4.3250
5131,1,3.4000
5132,1,4.5000
5133,3,4.5000
5134,1,4.6000
5135,4,4.5750
5136,10,4.6100
5137,10,4.6500
5138,12,4.6026
5139,9,4.3333
5140,1,4.3000
5141,1,4.5000
5142,5,4.2400
5143,6,4.8000
5144,2,3.6000
5145,4,4.0250
5146,62,4.4016
5147,11,4.2545
5148,5,4.5800
5149,3,4.6667
5150,4,4.5000
5151,1,4.5000
5152,4,4.5500
5153,5,4.6800
5154,1,3.5000
5155,1,3.9000
5156,1,3.5000
5157,2,4.3000
5158,1,4.1000
5159,1,2.4000
5160,2,4.5000
5161,1,4.6000
5162,5,4.3600
5163,2,4.2000
5164,3,4.7000
5165,2,4.5500
5166,2,4.4000
5167,1,4.9000
5168,6,4.4833
5169,1,4.7000
5170,7,4.5429
5171,5,4.5000
5172,2,4.2000
5173,5,4.6000
5174,1,4.4000
5175,1,3.8000
5176,1,4.7000
5177,7,4.3429
5178,4,4.4250
5179,1,4.8000
5180,6,4.4167
5181,2,4.5000
5182,1,4.1000
5183,1,4.9000
5184,1,4.7000
5185,5,4.6600
5186,2,4.3500
5187,1,4.7000
5188,1,4.8000
5189,8,4.4625
5190,1,3.7000
5191,1,4.8000
5192,2,4.3500
5193,2,4.7000
5194,3,3.6667
5195,246,4.4423
5196,479,4.3887
5197,516,4.3523
5198,1034,4.3792
5199,1,4.6000
5200,5,4.4000
5201,1,4.8000
5202,8,4.7000
5203,2,4.5500
5204,8,4.5500
5205,2,4.7000
5206,1,3.9000
5207,16,4.5438
5208,1,3.0000
5209,32,4.4590
5210,50,4.5395
5211,8,4.6375
5212,6,4.6000
5213,1,5.0000
5214,1,4.6000
5215,18,4.5389
5216,5,4.2200
5217,4,4.1500
5218,1,4.5000
5219,1,4.8000
5220,2,3.8500
5221,34,4.3647
5222,2,4.7000
5223,2,4.6000
5224,33,4.4061
5225,2,4.5000
5226,2,3.2000
5227,4,4.5250
5228,9,3.9889
5229,2,4.5500
5230,7,4.5429
5231,20,4.0250
5232,3,4.6667
5233,2,3.2374
5234,1,4.8000
5235,1,4.9000
5236,1,3.7000
5237,16,4.3000
5238,44,4.3977
5239,29,4.1759
5240,54,4.4204
5241,46,4.4435
5242,1,2.6000
5243,4,4.5750
5244,4,4.2750
5245,4,4.0500
5246,4,3.3250
5247,1,1.7000
5248,1,1.7000
5249,1,1.7000
5250,1,4.2000
5251,1,4.7000
5252,1,1.7000
5253,1,3.6000
5254,1,1.7000
5255,1,3.2000
5256,1,4.0000
5257,1,1.7000
5258,1,4.8000
5259,3,3.8667
5260,1,1.7000
5261,1,3.2000
5262,1,1.7000
5263,2,2.9500
5264,1,1.7000
5265,1,1.7000
5266,1,1.7000
5267,1,1.7000
5268,1,1.7000
5269,1,1.7000
5270,1,1.7000
5271,1,4.5000
5272,1,4.9000
5273,2,2.4500
5274,1,4.8000
5275,1,4.4000
5276,1,1.7000
5277,1,1.7000
5278,2,2.8500
5279,2,2.7500
5280,5,3.3800
5281,3,3.6667
5282,9,3.9044
5283,3,4.2000
5284,1,3.7000
5285,1,4.1000
5286,1,4.8000
5287,3,3.3000
5288,1,3.0000
5289,1,2.8000
5290,1,4.7000
5291,1,4.6000
5292,1,3.2000
5293,1,1.7000
5294,1,1.7000
5295,1,4.5000
5296,8,3.9875
5297,6,4.7184
5298,1,4.8000
5299,4,4.6250
5300,2,4.8000
5301,2,4.8000
5302,1,4.7000
5303,1,4.2000
5304,1,1.8000
5305,1,1.7000
5306,1,1.7000
5307,1,3.2000
5308,1,1.7000
5309,1,1.7000
5310,2,3.2000
5311,1,3.2000
5312,1,4.5000
5313,1,4.9000
5314,1,4.4000
5315,7,3.8714
5316,1,4.1000
5317,1,4.3000
5318,2,4.9000
5319,1,3.2000
5320,1,4.8000
5321,10,3.1300
5322,1,3.2000
5323,1,3.2000
5324,1,5.0000
5325,1,1.7000
5326,1,3.2000
5327,32,3.8357
5328,1,3.2000
5329,3,3.9333
5330,1,4.2000
5331,1,3.6000
5332,1,4.4000
5333,1,4.1000
5334,2,4.3500
5335,1,4.0000
5336,1,4.7000
5337,8,3.9542
5338,1,3.7000
5339,4,4.5000
5340,8,3.7250
5341,1,5.0000
5342,2,4.3500
5343,1,4.4000
5344,4,3.8000
5345,3,3.8000
5346,1,1.7000
5347,1,1.7000
5348,1,4.0000
5349,1,1.7000
5350,4,3.2250
5351,1,1.7000
5352,1,2.9000
5353,6,3.7333
5354,4,3.1000
5355,26,3.8646
5356,3,4.0667
5357,1,3.2000
5358,1,2.4000
5359,17,3.6662
5360,2,3.1000
5361,1,1.7000
5362,1,4.6000
5363,2,4.7500
5364,1,2.8000
5365,1,4.2000
5366,1,4.7000
5367,2,4.6000
5368,1,5.0000
5369,12,4.1939
5370,1,4.0000
5371,3,4.0667
5372,1,3.0000
5373,1,4.1000
5374,3,3.4333
5375,1,4.9000
5376,1,4.5000
5377,1,3.5000
5378,15,4.4612
5379,1,4.2000
5380,2,4.7500
5381,8,4.7023
5382,2,4.5000
5383,22,4.7281
5384,4,4.8750
5385,6,4.8000
5386,3,4.8333
5387,11,4.3452
5388,11,4.6636
5389,18,4.6109
5390,1,5.0000
5391,3,4.3989
5392,2,3.5983
5393,8,4.4621
5394,6,4.5500
5395,7,4.3714
5396,5,4.2000
5397,11,4.6213
5398,2,4.6000
5399,7,4.6286
5400,3,4.6667
5401,1,4.8000
5402,1,4.9000
5403,1,4.9000
5404,35,4.4382
5405,6,4.5333
5406,1,1.8000
5407,1,4.6000
5408,4,4.2000
5409,10,4.3959
5410,12,4.4732
5411,1,4.4779
5412,12,4.6380
5413,15,4.4733
5414,32,4.5911
5415,9,4.5556
5416,1,4.9000
5417,1,5.0000
5418,12,4.5667
5419,7,4.5370
5420,1,4.7000
5421,1,4.9000
5422,1,4.9000
5423,2,4.6000
5424,4,4.0500
5425,9,4.7510
5426,17,4.6516
5427,2,4.5000
5428,28,4.5071
5429,1,4.9000
5430,1,5.0000
5431,1,1.7000
5432,1,3.2000
5433,2,2.9000
5434,1,3.4000
5435,1,3.7000
5436,2,2.7500
5437,2,3.0000
5438,1,4.6000
5439,2,3.2500
5440,1,4.7000
5441,1,1.7000
5442,1,3.2000
5443,4,4.0750
5444,1,3.7000
5445,3,3.1000
5446,2,4.1500
5447,44,4.0639
5448,1,4.1000
5449,2,3.0500
5450,1,3.5000
5451,31,4.4643
5452,5,4.6400
5453,1,4.8000
5454,1,3.7000
5455,70,4.4143
5456,2,4.7500
5457,1,4.4000
5458,1,4.6000
5459,74,4.4924
5460,1,4.3000
5461,1,4.5000
5462,1,4.9000
5463,4,4.3250
5464,295,4.1830
5465,42,4.4833
5466,1,3.5000
5467,1,4.6000
5468,1,4.7000
5469,1,4.7000
5470,1,4.7000
5471,1,4.8000
5472,4,4.2500
5473,26,4.5484
5474,19,4.2168
5475,3,4.8000
5476,2,4.7500
5477,1,3.9000
5478,12,4.3750
5479,2,4.5786
5480,136,4.2948
5481,2,4.3594
5482,2,4.4312
5483,1,2.0000
5484,125,4.2640
5485,1,4.4000
5486,1,4.9000
5487,1,4.3000
5488,200,4.1580
5489,6,4.0167
5490,3,4.6865
5491,1,3.8000
5492,2,4.2500
5493,120,4.2851
5494,5,4.5119
5495,7,4.1143
5496,8,4.5824
5497,1,3.8000
5498,9,4.2989
5499,3,4.0667
5500,1,4.9000
5501,1,5.0000
5502,14,3.9348
5503,2,4.7000
5504,1,4.0000
5505,3,4.4000
5506,2,4.5000
5507,24,4.2083
5508,1,4.3119
5509,1,3.7000
5510,3,4.3333
5511,9,4.4111
5512,1,4.3000
5513,5,4.3400
5514,3,4.2000
5515,1,4.4000
5516,1,4.7000
5517,6,4.3500
5518,3,3.8706
5519,1,3.2000
5520,4,4.3750
5521,6,4.3667
5522,4,3.9780
5523,3,4.6333
5524,1,4.9000
5525,5,4.5400
5526,2,4.8500
5527,1,4.7000
5528,3,4.4405
5529,3,4.1373
5530,1,4.7000
5531,2,4.8500
5532,5,4.7400
5533,1,5.0000
5534,1,4.9000
5535,1,4.9000
5536,24,4.6174
5537,14,4.5500
5538,7,4.7571
5539,5,4.7000
5540,9,4.5111
5541,9,4.4889
5542,1,4.5000
5543,2,4.4500
5544,3,4.3000
5545,11,4.5545
5546,38,4.4921
5547,1,4.1000
5548,7,4.5571
5549,1,4.2000
5550,1,4.1000
5551,2,4.4000
5552,3,4.6333
5553,2,3.6000
5554,10,4.3500
5555,3,4.8000
5556,13,4.6231
5557,8,4.6625
5558,1,4.5000
5559,3,4.6333
5560,1,4.4000
5561,8,4.6250
5562,1,4.8000
5563,2,4.6000
5564,10,4.4800
5565,1,4.9000
5566,15,4.5800
5567,5,4.7000
5568,12,4.4500
5569,10,4.6100
5570,1,4.3000
5571,1,4.5000
5572,3,4.8000
5573,1,4.0000
5574,8,4.4875
5575,11,4.1909
5576,1,4.4506
5577,1,4.4000
5578,8,4.2375
5579,1,4.8000
5580,1,5.0000
5581,2,4.6500
5582,25,4.5200
5583,8,4.6250
5584,2,4.6000
5585,6,4.6333
5586,1,4.6000
5587,7,4.4857
5588,7,4.4143
5589,4,4.6250
5590,13,4.2385
5591,1,2.3000
5592,1,4.5000
5593,3,4.6667
5594,1,4.5000
5595,2,4.1500
5596,8,4.5625
5597,8,4.3625
5598,2,4.3000
5599,10,4.3600
5600,22,4.4000
5601,7,4.7143
5602,1,4.8000
5603,3,4.6667
5604,1,4.3000
5605,24,4.3625
5606,6,4.3333
5607,5,3.5212
5608,5,4.2200
5609,1,1.7000
5610,9,4.5333
5611,5,3.9800
5612,3,4.3643
5613,13,4.4231
5614,1,4.0000
5615,1,3.7000
5616,3,3.7571
5617,3,4.6333
5618,1,4.5000
5619,3,3.3000
5620,1,1.7000
5621,1,4.5000
5622,1,4.5000
5623,1,4.4000
5624,1,4.4000
5625,6,4.3167
5626,1,4.4000
5627,6,4.1333
5628,4,3.9500
5629,1,4.8000
5630,3,4.3667
5631,1,5.0000
5632,2,4.2700
5633,2,4.3500
5634,2,3.6500
5635,1,4.4000
5636,1,3.2000
5637,1,3.1000
5638,1,4.4000
5639,1,4.0000
5640,3,4.3000
5641,1,4.4000
5642,1,4.8000
5643,6,4.2167
5644,2,3.7500
5645,2,4.7000
5646,2,4.8000
5647,3,3.5000
5648,1,4.2000
5649,2,3.9500
5650,1,3.9000
5651,1,4.4000
5652,2,4.1500
5653,1,4.0000
5654,2,4.3000
5655,1,3.2000
5656,1,4.4000
5657,1,4.4000
5658,2,4.6000
5659,4,4.1250
5660,3,3.9667
5661,1,3.0000
5662,1,4.1000
5663,3,2.9667
5664,3,4.8333
5665,10,4.1997
5666,2,4.6500
5667,21,3.6996
5668,1,3.2000
5669,1,4.3000
5670,1,4.7000
5671,1,2.4000
5672,5,4.0400
5673,26,3.6234
5674,2,3.6500
5675,1,4.7000
5676,1,4.7000
5677,1,4.8000
5678,2,3.3500
5679,2,4.7000
5680,8,4.6875
5681,1,3.4000
5682,1,4.9000
5683,1,5.0000
5684,1,4.5000
5685,1,4.1000
5686,27,3.9808
5687,1,3.0000
5688,1,4.8000
5689,5,4.2886
5690,1,5.0000
5691,1,4.3000
5692,3,4.0333
5693,1,4.1000
5694,1,3.5000
5695,1,2.6000
5696,1,4.3000
5697,1,4.7000
5698,4,4.2250
5699,11,4.1273
5700,11,4.2279
5701,22,3.8691
5702,1,3.2000
5703,1,4.7000
5704,8,4.3625
5705,3,4.4667
5706,6,4.3667
5707,11,4.0000
5708,4,4.2750
5709,2,4.1500
5710,1,4.7000
5711,1,4.5000
5712,1,2.2000
5713,1,4.5000
5714,1,2.2000
5715,5,4.4600
5716,4,3.7000
5717,1,4.4000
5718,3,3.3000
5719,1,4.6000
5720,1,1.7000
5721,8,4.2875
5722,4,4.4000
5723,3,4.6000
5724,2,4.3500
5725,2,4.2000
5726,1,4.4000
5727,6,4.4333
5728,2,3.8500
5729,53,4.2899
5730,1,4.3000
5731,1,4.6000
5732,10,4.4100
5733,1,2.2000
5734,1,3.8000
5735,4,4.7500
5736,1,4.3000
5737,1,2.1000
5738,1,4.1000
5739,1,5.0000
5740,1,4.8000
5741,8,4.4250
5742,3,4.3667
5743,5,4.6200
5744,5,4.6600
5745,2,4.6000
5746,3,4.6333
5747,2,3.9500
5748,1,4.8000
5749,1,4.8000
5750,1,4.4000
5751,1,4.4000
5752,1,4.6000
5753,1,3.7000
5754,3,4.5667
5755,6,4.4667
5756,2,4.3000
5757,16,4.5562
5758,25,4.5880
5759,32,4.4781
5760,21,4.6286
5761,1,2.7000
5762,14,4.6500
5763,6,4.3000
5764,1,4.9000
5765,17,4.2412
5766,10,4.4600
5767,33,4.1292
5768,14,4.5286
5769,4,3.1750
5770,8,3.8750
5771,3,4.0333
5772,1,4.8000
5773,5,4.0000
5774,2,4.7000
5775,62,4.5532
5776,1,3.4000
5777,1,4.3000
5778,10,4.4700
5779,1,3.3000
5780,6,3.7167
5781,2,3.0000
5782,1,3.9000
5783,15,4.5200
5784,1,4.2000
5785,33,4.5182
5786,54,4.4852
5787,3,4.2667
5788,1,4.4000
5789,5,3.6200
5790,8,4.2456
5791,7,4.2429
5792,4,4.2500
5793,3,4.3000
5794,1,4.7000
5795,2,3.6500
5796,1,4.8000
5797,2,4.1500
5798,2,4.5500
5799,9,3.8778
5800,16,4.3562
5801,1,4.8000
5802,1,4.0000
5803,1,4.3000
5804,1,2.7000
5805,1,4.8000
5806,1,4.0000
5807,18,4.5500
5808,5,4.0800
5809,2,4.2000
5810,3,4.6465
5811,7,4.3542
5812,17,4.1270
5813,9,4.1644
5814,1,4.7000
5815,4,3.5750
5816,2,1.9000
5817,5,2.7000
5818,1,2.2000
5819,7,3.9628
5820,7,4.6342
5821,1,3.0000
5822,1,4.2000
5823,1,5.0000
5824,3,3.5667
5825,1,4.3396
5826,1,4.3000
5827,1,4.8000
5828,2,4.5000
5829,1,4.3000
5830,5,4.3759
5831,8,4.1000
5832,6,4.6000
5833,6,4.6333
5834,7,4.6571
5835,10,4.4600
5836,4,4.5250
5837,7,4.1143
5838,6,4.6000
5839,1,3.8000
5840,1,3.3000
5841,37,4.5811
5842,30,4.5067
5843,32,4.5219
5844,1,4.8000
5845,17,4.4412
5846,14,4.5000
5847,27,4.4544
5848,10,4.1670
5849,3,4.4232
5850,1,4.8000
5851,1,4.9000
5852,9,4.6556
5853,2,3.2000
5854,3,3.7000
5855,1,1.7000
5856,1,4.4000
5857,1,4.8000
5858,1,2.2000
5859,1,2.2000
5860,2,3.9000
5861,1,4.1000
5862,1,3.7000
5863,1,5.0000
5864,1,5.0000
5865,2,4.6500
5866,1,4.6000
5867,1,4.2842
5868,15,4.2800
5869,2,4.2842
5870,1,4.7000
5871,2,4.7589
5872,22,4.4917
5873,2,4.5412
5874,10,4.5471
5875,11,4.5818
5876,14,4.4597
5877,5,4.4850
5878,1,4.9000
5879,3,3.9000
5880,5,4.6850
5881,9,4.0778
5882,1,2.9000
5883,1,3.5000
5884,3,4.6667
5885,8,4.3625
5886,7,4.2143
5887,1,4.9000
5888,2,4.8000
5889,6,4.2833
5890,11,4.3273
5891,3,4.6667
5892,1,3.9000
5893,2,4.7500
5894,1,4.7000
5895,1,3.6000
5896,2,4.4500
5897,2,4.8000
5898,1,4.8000
5899,1,3.7000
5900,1,5.0000
5901,3,4.3000
5902,4,4.7250
5903,9,4.2889
5904,4,4.3036
5905,5,4.4800
5906,1,3.1000
5907,2,4.3000
5908,1,4.0000
5909,1,4.4000
5910,1,4.4000
5911,9,4.1000
5912,5,4.3218
5913,3,4.4333
5914,5,4.5800
5915,18,4.3333
5916,6,4.4500
5917,6,4.5222
5918,4,4.5000
5919,3,4.7333
5920,3,4.4333
5921,6,4.4667
5922,1,2.8000
5923,4,4.2750
5924,2,4.8000
5925,1,4.2000
5926,3,4.8000
5927,1,5.0000
5928,1,4.3000
5929,4,4.6500
5930,1,4.9000
5931,4,3.2500
5932,1,4.3000
5933,1,4.3000
5934,7,4.3143
5935,10,4.5100
5936,1,4.8000
5937,28,4.5357
5938,1,4.4000
5939,1,4.1000
5940,20,4.6800
5941,26,4.6385
5942,2,3.3500
5943,11,3.6091
5944,6,4.4167
5945,8,3.8375
5946,13,3.8385
5947,6,4.4667
5948,12,4.4583
5949,3,3.1333
5950,2,3.5000
5951,1,5.0000
5952,1,2.9000
5953,1,3.7000
5954,1,4.8000
5955,1,1.7000
5956,1,4.3000
5957,1,2.0000
5958,1,3.5000
5959,1,5.0000
5960,2,4.9000
5961,2,4.7500
5962,4,4.0250
5963,5,4.3600
5964,10,4.0500
5965,1,4.0000
5966,4,4.1000
5967,8,4.4750
5968,2,4.4500
5969,4,4.4500
5970,3,4.3333
5971,21,4.0238
5972,1,4.3000
5973,1,4.5000
5974,13,3.9077
5975,1,4.8000
5976,11,4.5727
5977,65,4.3831
5978,41,4.4366
5979,1,4.1000
5980,1,2.4000
5981,17,4.4824
5982,37,4.4922
5983,3,4.7000
5984,49,4.5306
5985,20,4.4600
5986,29,4.0966
5987,1,3.1000
5988,13,4.4308
5989,3,4.5000
5990,13,4.2385
5991,6,4.0833
5992,1,2.4000
5993,3,4.3667
5994,7,4.5000
5995,3,4.4333
5996,3,4.3617
5997,4,4.4000
5998,13,4.4308
5999,4,4.4181
6000,1,4.7000
6001,3,4.4333
6002,24,4.1958
6003,81,4.2951
6004,3,3.4440
6005,13,4.5615
6006,1,4.3000
6007,7,3.9714
6008,7,3.7857
6009,5,4.5000
6010,28,4.2214
6011,1,4.6000
6012,1,4.6000
6013,1,4.6000
6014,1,4.6000
6015,1,4.6000
6016,73,4.0103
6017,6,4.3833
6018,2,4.5500
6019,1,4.1000
6020,1,4.6000
6021,1,4.6000
6022,1,4.6000
6023,11,4.0818
6024,19,4.2596
6025,1,4.7000
6026,13,4.3615
6027,32,4.3322
6028,239,4.3477
6029,1,2.2000
6030,544,4.2857
6031,43,4.1628
6032,79,4.3645
6033,2,4.4500
6034,1,4.8000
6035,792,4.2527
6036,133,4.3488
6037,406,4.2727
6038,1,4.2000
6039,1,4.7000
6040,3,3.0333
6041,252,4.3066
6042,27,3.7702
6043,1698,4.2772
6044,4,4.2000
6045,396,4.2987
6046,2,2.7500
6047,1,4.4000
6048,4,4.6000
6049,1,5.0000
6050,1,4.6000
6051,1,4.2000
6052,1,4.4000
6053,11,4.2091
6054,1,3.8000
6055,2,4.3000
6056,1,3.2000
6057,2,4.5000
6058,1,4.4000
6059,2,2.9089
6060,1,3.9000
6061,1,4.9000
6062,7,4.1857
6063,17,3.7412
6064,7,3.6429
6065,3,3.8667
6066,1,4.9000
6067,2,4.6500
6068,1,4.6000
6069,1,3.5000
6070,16,4.4062
6071,7,4.1857
6072,1,4.2434
6073,4,4.7250
6074,1,4.0000
6075,1,1.5000
6076,10,4.2300
6077,30,4.2700
6078,20,4.3400
6079,4,4.2250
6080,9,4.0778
6081,5,4.0400
6082,15,4.2200
6083,6,4.3667
6084,3,3.6000
6085,1,4.5000
6086,18,4.2080
6087,25,4.3520
6088,3,4.7000
6089,5,4.5800
6090,3,4.0333
6091,6,4.5833
6092,13,4.3705
6093,1,4.5000
6094,19,4.4632
6095,1,4.7000
6096,30,4.4033
6097,9,3.8778
6098,4,4.3109
6099,7,4.2714
6100,17,4.1833
6101,1,4.8000
6102,1,5.0000
6103,37,4.2622
6104,11,4.1091
6105,42,4.3628
6106,29,4.1875
6107,10,4.3500
6108,259,4.2293
6109,1,4.6000
6110,1,4.6000
6111,126,4.2234
6112,3,3.6667
6113,1,4.4000
6114,1,4.6000
6115,1,4.6000
6116,1,4.6000
6117,1,4.3000
6118,19,4.4579
6119,35,4.3229
6120,49,4.4102
6121,3,4.0667
6122,61,4.4918
6123,29,4.3862
6124,15,4.4267
6125,1139,4.2266
6126,631,4.2820
6127,3,4.3333
6128,13,4.5692
6129,5,4.2800
6130,4,4.6500
6131,72,4.2554
6132,53,4.2187
6133,67,4.1715
6134,18,4.3111
6135,5,4.2600
6136,1697,4.2614
6137,140,4.3436
6138,1,4.9000
6139,2,3.9500
6140,2,4.5500
6141,2,4.4000
6142,7,4.3857
6143,4,4.5250
6144,1,4.2000
6145,1,4.9000
6146,7,4.4429
6147,3,4.3897
6148,5,4.1600
6149,53,4.5270
6150,2,4.5000
6151,6,4.5974
6152,21,4.3048
6153,2,4.4500
6154,2,4.7500
6155,51,4.4235
6156,4,4.5500
6157,3,4.1563
6158,2,4.5000
6159,22,4.3283
6160,35,4.5281
6161,45,4.3800
6162,2,4.4500
6163,4,4.3845
6164,5,4.2707
6165,3,4.6333
6166,55,4.3564
6167,27,4.4630
6168,2,4.1000
6169,1,4.2000
6170,4,4.4500
6171,8,4.1750
6172,41,4.1732
6173,1,4.3000
6174,3,4.5667
6175,1,3.8000
6176,1,4.8000
6177,1,4.6000
6178,1,4.7000
6179,1,4.8000
6180,1,4.8000
6181,1,4.2000
6182,1,4.8000
6183,1,4.7000
6184,1,4.9000
6185,1,5.0000
6186,1,4.0000
6187,1,5.0000
6188,2,4.5758
6189,8,4.5125
6190,8,4.4625
6191,5,4.3400
6192,1,4.5000
6193,4,4.7500
6194,1,4.8000
6195,1,4.2000
6196,49,4.3551
6197,50,4.4160
6198,82,4.2866
6199,45,4.2511
6200,47,4.4149
6201,5,4.4200
6202,1,4.7000
6203,2,4.5000
6204,6,4.3500
6205,1,4.8000
6206,3,4.6333
6207,11,4.2182
6208,4,4.3250
6209,1,4.8000
6210,9,4.6111
6211,8,4.3739
6212,9,4.3111
6213,6,3.2667
6214,2,3.7500
6215,1,4.7000
6216,2,3.8500
6217,12,4.1750
6218,1,4.8000
6219,3,4.4333
6220,19,4.5211
6221,47,4.4383
6222,1,1.7000
6223,1,3.8000
6224,1,1.7000
6225,3,3.2000
6226,1,1.7000
6227,1,1.7000
6228,1,1.7000
6229,2,4.7500
6230,2,4.7500
6231,2,4.2500
6232,1,4.8000
6233,4,4.5750
6234,6,4.4500
6235,4,4.6750
6236,3,4.6667
6237,1,4.8000
6238,2,4.8000
6239,1,4.5000
6240,1,4.6000
6241,1,4.7000
6242,3,4.1000
6243,6,4.3333
6244,3,4.6333
6245,2,4.0500
6246,1,4.1000
6247,1,4.7000
6248,1,4.7000
6249,2,4.3000
6250,7,3.8714
6251,20,4.3850
6252,1,5.0000
6253,6,4.4000
6254,2,3.8500
6255,6,4.7500
6256,3,4.0000
6257,1,4.8000
6258,5,4.5200
6259,1,4.4000
6260,3,4.5000
6261,14,4.2000
6262,5,3.9200
6263,5,4.8200
6264,3,4.1667
6265,26,4.1788
6266,1,3.8000
6267,1,4.8000
6268,1,4.4000
6269,3,4.1667
6270,1,4.8000
6271,1,4.8000
6272,2,4.4000
6273,2,3.5000
6274,1,4.7000
6275,1,2.7000
6276,1,3.3000
6277,1,5.0000
6278,2,4.0500
6279,2,4.1621
6280,3,3.5667
6281,2,3.4000
6282,15,4.0382
6283,3,4.2747
6284,3,3.8000
6285,2,4.4000
6286,1,3.7000
6287,1,1.7000
6288,1,5.0000
6289,1,4.5000
6290,1,3.8000
6291,11,3.9778
6292,2,3.6500
6293,2,3.3000
6294,11,3.7273
6295,1,3.8000
6296,4,3.8500
6297,1,4.7000
6298,3,3.7333
6299,2,3.9500
6300,11,4.2091
6301,1,4.8000
6302,11,4.3909
6303,2,2.1500
6304,3,4.7000
6305,57,4.1877
6306,76,4.2265
6307,1,4.7000
6308,34,4.3416
6309,1,3.6000
6310,2,4.3500
6311,1,3.6000
6312,1,4.4000
6313,1,4.9000
6314,1,4.6000
6315,2,2.9000
6316,42,4.4214
6317,2,4.0500
6318,1,4.7000
6319,5,3.8000
6320,4,4.1500
6321,1,2.9000
6322,1,4.4000
6323,5,4.0800
6324,19,4.4368
6325,43,4.3721
6326,8,4.1250
6327,8,4.3500
6328,41,4.4000
6329,1,4.8000
6330,1,4.8000
6331,2,4.5053
6332,1,4.8000
6333,15,4.5733
6334,4,3.4500
6335,3,4.8333
6336,8,3.9375
6337,1,4.3105
6338,13,3.9385
6339,4,4.1750
6340,2,3.6000
6341,1,4.8000
6342,1,5.0000
6343,1,4.6000
6344,1,4.1000
6345,1,4.5000
6346,1,2.9000
6347,1,1.6000
6348,8,4.1625
6349,5,3.0809
6350,1,1.6000
6351,8,4.3375
6352,35,4.2231
6353,17,4.1532
6354,16,4.5125
6355,4,4.6000
6356,6,3.7833
6357,3,4.6333
6358,1,3.8000
6359,2,3.9000
6360,1,4.2000
6361,6,4.2167
6362,1,4.5000
6363,3,4.2667
6364,3,4.2667
6365,1,3.9000
6366,9,4.2556
6367,9,4.3444
6368,1,4.7000
6369,9,4.4667
6370,9,4.0253
6371,2,4.4000
6372,19,4.4526
6373,24,4.4458
6374,4,4.2500
6375,22,4.1455
6376,23,4.2391
6377,10,3.9200
6378,1,3.3000
6379,1,4.7000
6380,2,3.9000
6381,1,4.0000
6382,1,3.7000
6383,1,4.9000
6384,5,4.5400
6385,15,4.2533
6386,4,3.8000
6387,2,4.7500
6388,2,4.0500
6389,2,4.2000
6390,1,4.5000
6391,3,4.5000
6392,3,4.2667
6393,1,4.9000
6394,1,4.2000
6395,3,3.8000
6396,1,3.4000
6397,5,4.3200
6398,2,4.6000
6399,1,4.7000
6400,1,2.2000
6401,5,4.2000
6402,5,3.7200
6403,25,3.8416
6404,3,3.9667
6405,1,4.7000
6406,1,3.7000
6407,4,3.7750
6408,1,4.7000
6409,1,3.8000
6410,2,4.3492
6411,1,1.8000
6412,1,4.6000
6413,1,3.0000
6414,5,3.7800
6415,2,3.8000
6416,3,4.3000
6417,1,4.3345
6418,1,4.1000
6419,1,4.7000
6420,1,4.3000
6421,1,2.7000
6422,1,4.4000
6423,6,4.4667
6424,2,4.4000
6425,10,4.3100
6426,1,4.8000
6427,1,4.8000
6428,1,4.8000
6429,1,2.8000
6430,3,4.0333
6431,1,4.3000
6432,1,3.7000
6433,1,3.5000
6434,1,3.6500
6435,1,3.8000
6436,3,3.3333
6437,1,4.3000
6438,7,4.3714
6439,13,4.4462
6440,1,4.8000
6441,3,4.6333
6442,5,4.3400
6443,1,4.8000
6444,1,4.7000
6445,2,4.3500
6446,1,4.7000
6447,1,4.6000
6448,1,5.0000
6449,1,1.7000
6450,1,1.7000
6451,1,1.7000
6452,1,4.7000
6453,1,4.8000
6454,1,1.7000
6455,18,3.9678
6456,7,4.4429
6457,2,2.3000
6458,1,1.7000
6459,1,3.2000
6460,1,4.2000
6461,5,4.6400
6462,1,4.8000
6463,5,4.4909
6464,1,2.9000
6465,1,4.9000
6466,2,3.3000
6467,5,4.5800
6468,4,4.6000
6469,14,4.3857
6470,11,4.6545
6471,3,4.8000
6472,1,3.8000
6473,2,4.2667
6474,2,4.2000
6475,19,4.0351
6476,1,4.7000
6477,1,3.7000
6478,3,4.4444
6479,1,4.4000
6480,1,1.7000
6481,1,1.7000
6482,1,2.8000
6483,1,4.7000
6484,1,2.8000
6485,1,4.6000
6486,6,4.5000
6487,5,4.6200
6488,8,4.5750
6489,2,4.1000
6490,1,5.0000
6491,1,4.7000
6492,2,4.8500
6493,1,5.0000
6494,2,4.9000
6495,2,4.9000
6496,4,4.4500
6497,2,4.7000
6498,1,4.8000
6499,2,4.9000
6500,1,4.4912
6501,1,4.6000
6502,4,4.1250
6503,4,3.9500
6504,11,4.3818
6505,1,4.7000
6506,8,4.8000
6507,2,4.3500
6508,5,4.4200
6509,1,4.8000
6510,2,4.8500
6511,2,4.4500
6512,1,4.8000
6513,1,4.9000
6514,2,4.7500
6515,1,4.5000
6516,3,4.1667
6517,2,3.8500
6518,3,3.9667
6519,1,3.1000
6520,1,5.0000
6521,1,5.0000
6522,1,3.3000
6523,29,4.3966
6524,2,4.2000
6525,2,3.9000
6526,1,4.8000
6527,2,4.8000
6528,1,4.7000
6529,1,3.3000
6530,1,2.3000
6531,1,4.0000
6532,1,3.7000
6533,1,3.3000
6534,1,4.0000
6535,1,4.8000
6536,1,4.4000
6537,1,4.3000
6538,1,4.9000
6539,61,4.3574
6540,28,4.4964
6541,8,4.4625
6542,88,4.4133
6543,2,4.9000
6544,6,4.5500
6545,5,4.6200
6546,3,4.7000
6547,1,4.9000
6548,6,4.6333
6549,1,4.8000
6550,39,4.4641
6551,1,4.9000
6552,2,4.0000
6553,8,4.3864
6554,2,3.9000
6555,4,4.3000
6556,4,4.3500
6557,1,4.0000
6558,14,4.0422
6559,3,4.5667
6560,17,4.1112
6561,3,4.4970
6562,1,4.8000
6563,1,3.0000
6564,1,4.7000
6565,2,3.9000
6566,2,4.3000
6567,1,4.0000
6568,1,3.8000
6569,10,4.2576
6570,1,4.6000
6571,1,3.5000
6572,1,3.5000
6573,2,3.5381
6574,1,1.8000
6575,1,2.8000
6576,1,5.0000
6577,3,4.7000
6578,10,4.6200
6579,12,4.4833
6580,1,5.0000
6581,9,4.4033
6582,23,4.2491
6583,1,4.6000
6584,1,3.7000
6585,2,4.7000
6586,6,4.4217
6587,3,4.7000
6588,1,4.2000
6589,1,4.9000
6590,1,4.3000
6591,1,5.0000
6592,1,4.3000
6593,1,5.0000
6594,7,4.3000
6595,3,4.7333
6596,7,4.2571
6597,2,4.5500
6598,11,4.4818
6599,5,4.6800
6600,2,4.6826
6601,1,4.6000
6602,2,4.6500
6603,2,4.2000
6604,1,5.0000
6605,1,4.7000
6606,1,4.6000
6607,1,4.9000
6608,1,4.9000
6609,1,3.4000
6610,1,4.6000
6611,11,4.3818
6612,14,4.5143
6613,3,4.2667
6614,1,5.0000
6615,15,4.5533
6616,6,4.7333
6617,6,4.3000
6618,1,5.0000
6619,4,4.6500
6620,4,4.4500
6621,2,4.6000
6622,1,4.9000
6623,1,4.2000
6624,24,4.1750
6625,5,4.6200
6626,1,4.9000
6627,5,4.2400
6628,12,4.2500
6629,1,3.1000
6630,14,4.1714
6631,2,4.9000
6632,3,4.6000
6633,3,4.5333
6634,1,4.5000
6635,1,4.3000
6636,1,3.5000
6637,3,4.4667
6638,22,4.0260
6639,2,4.2000
6640,2,4.6000
6641,1,4.9000
6642,4,4.2500
6643,1,4.5000
6644,6,3.9727
6645,9,4.3889
6646,16,4.4045
6647,1,4.4000
6648,3,4.3667
6649,2,4.6500
6650,1,4.2000
6651,1,4.3000
6652,1,4.9000
6653,1,4.9000
6654,7,4.1429
6655,1,3.1000
6656,1,2.3000
6657,23,4.5174
6658,15,4.5400
6659,25,4.6240
6660,1,4.9000
6661,2,4.8500
6662,3,4.9000
6663,5,4.3200
6664,2,4.7000
6665,2,4.1000
6666,5,4.6400
6667,6,4.5667
6668,2,4.7500
6669,13,4.2077
6670,6,4.4667
6671,21,4.2571
6672,1,4.4000
6673,2,4.5500
6674,5,3.9200
6675,25,4.3520
6676,2,4.9000
6677,2,4.8500
6678,1,4.8000
6679,1,4.2000
6680,1,3.1000
6681,1,4.9000
6682,5,4.0236
6683,1,4.6000
6684,1,4.2000
6685,9,3.4333
6686,1,4.6000
6687,5,3.7400
