1,3,61.0000
2,4,36.2500
3,10,54.7000
4,11,48.0909
5,6,52.1667
6,14,42.4286
7,17,46.2941
8,13,43.9231
9,18,39.2778
10,15,57.1333
11,21,52.5238
12,28,58.6071
13,42,53.8095
14,30,48.1333
15,31,47.4839
16,34,52.6176
17,38,49.0000
18,44,54.7955
19,35,51.0857
20,46,41.7609
21,48,49.7292
22,42,50.7619
23,41,50.9268
24,39,49.6154
25,54,53.2963
26,55,53.2364
27,55,56.9818
28,56,51.1429
29,51,48.8824
30,68,49.7059
31,60,52.2833
32,44,53.0682
33,60,49.4500
34,75,53.2800
35,65,49.7846
36,76,52.6579
37,52,48.2308
38,89,53.5955
39,77,49.2727
40,74,48.9595
41,82,52.0488
42,85,56.6471
43,75,49.8933
44,78,50.8846
45,85,48.9294
46,86,44.1977
47,91,56.2527
48,101,50.4257
49,116,51.5172
50,107,47.3832
51,118,53.8136
52,96,55.9271
53,111,55.0450
54,115,49.1304
55,121,51.2066
56,131,47.3282
57,103,50.8738
58,120,49.5417
59,132,47.7045
60,137,50.8394
61,114,48.3947
62,121,49.0083
63,126,52.2778
64,132,45.4318
65,113,49.8850
66,119,52.3361
67,124,53.4839
68,136,52.0221
69,140,53.1000
70,148,48.8243
71,143,53.4126
72,151,51.1325
73,150,49.5733
74,142,43.8873
75,166,51.2590
76,166,48.7289
77,162,48.6481
78,163,52.8037
79,164,50.0427
80,167,55.3653
81,153,48.4967
82,180,51.8000
83,165,53.6121
84,175,50.8000
85,184,50.3587
86,160,52.9813
87,172,51.9535
88,167,49.7964
89,182,49.3242
90,190,50.0474
91,174,51.1782
92,182,42.5824
93,191,47.8429
94,178,50.8427
95,200,53.5300
96,229,49.6900
97,176,52.1420
98,162,48.7469
99,195,49.6821
100,203,53.3645
101,214,53.4252
102,204,52.3235
103,213,49.4883
104,218,48.3303
105,208,52.5673
106,187,50.4171
107,201,51.6567
108,198,49.9141
109,234,46.9231
110,208,47.8990
111,234,48.2607
112,212,51.3585
113,214,51.7710
114,225,52.3289
115,210,46.1429
116,250,52.2520
117,245,49.0122
118,265,50.1358
119,233,48.6438
120,246,50.9350
121,236,49.4237
122,233,53.3734
123,255,49.8667
124,226,50.6460
125,251,52.7530
126,246,46.3537
127,234,49.3333
128,235,49.6511
129,240,49.4458
130,237,53.0464
131,247,50.1417
132,259,50.0734
133,296,49.9392
134,279,52.2616
135,272,52.1287
136,279,49.0502
137,281,50.9253
138,311,51.7717
139,270,51.1000
140,273,48.3004
141,301,49.2027
142,264,50.8333
143,294,49.4694
144,290,46.7793
145,337,49.7864
146,283,51.8233
147,293,51.1058
148,342,51.7047
149,293,51.7986
150,295,48.1051
151,290,51.8000
152,299,52.2676
153,280,50.5107
154,291,51.0515
155,311,52.2122
156,323,50.3313
157,335,47.5254
158,287,49.6132
159,287,48.9861
160,315,52.2667
161,317,50.7003
162,317,49.6404
163,356,50.3315
164,318,49.8333
165,338,51.1598
166,328,50.5000
167,315,51.1016
168,328,50.1433
169,326,48.6871
170,336,49.8631
171,296,52.1453
172,340,49.9000
173,348,50.9741
174,354,50.2627
175,354,47.9153
176,337,50.0475
177,340,50.8206
178,356,50.5674
179,382,52.7120
180,367,49.6431
181,350,46.9257
182,380,50.2474
183,386,50.1036
184,351,48.0427
185,352,50.6676
186,333,52.9099
187,380,50.5553
188,378,47.2989
189,405,50.3432
190,386,51.3938
191,382,49.9555
192,371,48.3046
193,383,50.4752
194,420,48.7857
195,408,52.5637
196,350,50.5971
197,403,50.2060
198,394,50.6777
199,400,47.9075
200,410,51.2707
201,360,49.7056
202,411,50.9951
203,409,49.0856
204,416,50.8245
205,395,51.5468
206,409,50.9340
207,381,48.1942
208,446,50.1256
209,394,49.9670
210,403,50.8685
211,448,47.8929
212,492,51.2337
213,432,48.7546
214,400,51.0025
215,410,50.7000
216,428,48.8107
217,445,51.4674
218,430,51.5674
219,438,49.4635
220,467,52.4261
221,425,53.3388
222,461,52.9913
223,421,52.1995
224,470,52.3915
225,486,50.5288
226,430,50.5767
227,479,49.3424
228,429,51.6993
229,431,50.6241
230,469,49.4136
231,452,53.9624
232,465,52.5140
233,458,51.2729
234,463,50.2829
235,427,49.2810
236,484,51.0992
237,473,52.2347
238,499,50.5130
239,471,52.8429
240,485,50.7856
241,469,50.2132
242,500,53.0200
243,490,51.4673
244,458,52.4192
245,479,49.3027
246,473,48.5877
247,517,50.8762
248,462,50.3853
249,493,51.5233
250,481,48.9480
251,422,50.1872
252,558,51.1380
253,507,50.7101
254,490,50.1714
255,515,50.8019
256,503,49.1849
257,559,50.2415
258,505,50.5446
259,512,49.0938
260,518,49.7432
261,508,51.1634
262,554,52.8827
263,548,49.6934
264,511,51.2622
265,539,50.5751
266,537,50.2682
267,531,49.8324
268,547,51.9909
269,532,51.3778
270,514,50.6304
271,546,48.0861
272,555,53.8144
273,560,51.7054
274,573,51.8377
275,532,51.3158
276,554,50.1805
277,542,51.2306
278,560,48.4107
279,543,47.9521
280,547,48.5247
281,554,49.5921
282,525,50.3714
283,556,51.2716
284,562,49.9110
285,569,50.9965
286,603,50.2023
287,565,48.2761
288,591,49.3739
289,612,47.6618
290,573,51.3630
291,590,50.0203
292,543,50.4144
293,574,52.8589
294,569,51.9525
295,582,51.1014
296,619,52.8433
297,583,47.8559
298,641,51.2293
299,592,48.3412
300,608,49.1941
301,626,50.6597
302,588,49.1378
303,585,49.6085
304,652,50.0138
305,602,49.5498
306,625,48.0160
307,649,50.0231
308,634,51.5710
309,638,50.0313
310,610,49.8770
311,593,49.5953
312,617,49.2512
313,614,50.0733
314,644,50.0575
315,595,52.7025
316,677,50.0251
317,608,53.4474
318,611,51.0131
319,660,51.7061
320,573,49.4852
321,620,51.5952
322,615,49.4276
323,647,49.4034
324,620,49.2274
325,692,50.7370
326,633,48.8799
327,627,50.6061
328,679,50.1134
329,679,50.8807
330,671,49.7139
331,668,50.7305
332,677,49.9468
333,686,52.0131
334,684,51.9474
335,616,51.4708
336,687,51.7584
337,662,48.6767
338,650,48.6662
339,661,51.4977
340,707,52.8430
341,724,52.5249
342,678,48.6637
343,687,51.0189
344,734,50.0395
345,681,49.2482
346,682,52.6569
347,735,50.2748
348,732,49.6899
349,692,50.9191
350,714,49.5266
351,712,50.6124
352,715,48.9273
353,778,51.1362
354,748,50.3797
355,626,52.3035
356,745,47.5584
357,728,50.3008
358,711,50.6006
359,717,48.8815
360,727,50.8955
361,695,51.1237
362,764,51.5785
363,697,50.3501
364,757,50.0991
365,729,50.5432
366,736,50.8247
367,747,50.0817
368,772,48.1088
369,736,50.1467
370,794,52.4622
371,742,50.4380
372,756,49.8505
373,770,49.7727
374,772,50.8148
375,743,49.8291
376,746,50.5282
377,735,47.6816
378,738,53.5854
379,779,48.0988
380,722,51.0526
381,747,49.1780
382,782,51.0205
383,830,49.0614
384,787,49.0280
385,738,47.9268
386,760,49.8105
387,761,50.1130
388,730,48.8767
389,786,50.1679
390,802,50.8803
391,784,48.9745
392,756,49.0820
393,786,49.7036
394,789,51.8150
395,770,50.0649
396,814,49.8034
397,791,49.3540
398,816,48.5760
399,827,49.5115
400,717,50.2594
401,810,49.2025
402,835,50.5545
403,792,51.6856
404,809,51.1137
405,805,50.3168
406,837,49.7372
407,811,49.8212
408,818,50.9450
409,803,51.7098
410,821,50.1937
411,835,49.4371
412,822,48.5024
413,831,49.6534
414,847,50.1287
415,790,49.6266
416,816,51.2059
417,856,49.8014
418,827,51.6239
419,847,50.9811
420,837,51.2222
421,837,51.7670
422,815,49.9595
423,815,48.4380
424,782,50.7519
425,804,50.7239
426,875,48.6366
427,830,49.7349
428,834,50.6571
429,867,50.4660
430,847,51.6482
431,885,51.0655
432,881,51.1010
433,893,49.7178
434,897,51.3200
435,904,50.6704
436,854,49.2178
437,881,51.2225
438,860,50.3512
439,857,50.3069
440,837,50.4301
441,874,51.7941
442,937,49.8314
443,918,49.8682
444,882,52.0454
445,916,49.6321
446,892,51.3487
447,975,49.8072
448,840,51.9345
449,889,49.6929
450,907,49.8567
451,903,49.9967
452,899,51.9477
453,928,49.0259
454,913,49.5016
455,902,51.5843
456,888,51.1160
457,873,51.2658
458,948,51.3977
459,961,50.6275
460,904,50.9303
461,875,49.5463
462,945,50.5439
463,942,51.3344
464,937,49.7396
465,952,51.3603
466,908,51.1465
467,905,49.3448
468,919,52.0435
469,950,50.1863
470,924,50.1905
471,926,51.8531
472,961,52.6139
473,950,51.1263
474,906,51.9536
475,911,51.6312
476,911,51.9297
477,981,51.7268
478,978,50.5266
479,978,50.2914
480,938,51.9733
481,902,48.3415
482,990,52.1505
483,1058,50.5425
484,952,50.6870
485,953,50.1721
486,964,49.9160
487,1004,49.9701
488,970,49.4402
489,964,52.3247
490,1002,50.0030
491,993,49.6888
492,968,51.9845
493,981,50.3863
494,1019,49.7262
495,964,52.2054
496,1000,50.4710
497,1028,51.2490
498,1026,52.2407
499,987,51.7487
500,1022,48.6360
501,982,50.3829
502,1041,49.5917
503,1068,48.9738
504,1018,49.5481
505,965,49.1751
506,1037,51.5101
507,995,49.3548
508,1011,51.7685
509,961,51.0479
510,1096,48.8604
511,1086,51.3223
512,1049,51.3584
513,1055,50.4711
514,1067,49.6054
515,944,51.4735
516,999,50.5275
517,1011,50.4590
518,1052,50.0789
519,992,50.7046
520,1072,49.0485
521,1002,50.3663
522,1061,49.6409
523,1062,49.9068
524,1026,50.0341
525,1081,48.9056
526,1094,50.4881
527,1077,50.8895
528,1057,50.6064
529,1058,49.6758
530,983,49.8535
531,1050,50.9276
532,1072,51.8442
533,1032,51.4593
534,1044,51.5354
535,1125,50.5476
536,1095,52.5945
537,1058,49.6389
538,1086,50.9475
539,1072,49.6082
540,1061,49.8209
541,1105,50.4362
542,1070,49.1935
543,1087,51.7433
544,1014,50.0651
545,1087,51.3330
546,1077,49.7122
547,1129,50.7733
548,1061,50.1320
549,1076,51.9721
550,1126,50.9751
551,1114,51.1346
552,1078,49.8813
553,1206,51.3242
554,1098,51.1667
555,1086,48.8250
556,1086,50.9079
557,1147,51.0785
558,1137,49.7933
559,1153,51.1119
560,1062,50.1667
561,1067,50.9625
562,1186,51.2766
563,1141,49.9667
564,1185,52.8878
565,1137,49.4116
566,1072,50.5019
567,1181,51.5580
568,1047,47.1824
569,1152,51.6536
570,1176,49.9728
571,1104,51.0399
572,1104,50.9484
573,1177,51.3942
574,1147,50.7132
575,1064,49.5564
576,1155,50.6087
577,1179,50.2443
578,1127,48.6859
579,1164,50.5653
580,1163,51.0748
581,1151,50.7602
582,1083,50.2327
583,1156,49.2993
584,1142,50.8301
585,1192,50.6560
586,1198,51.4524
587,1139,49.9851
588,1183,51.7887
589,1103,49.4053
590,1134,51.1455
591,1207,51.4805
592,1204,51.0498
593,1114,49.8492
594,1144,50.9056
595,1198,49.6285
596,1166,50.4408
597,1205,49.2714
598,1200,51.5892
599,1166,48.8731
600,1196,51.1355
601,1152,48.8064
602,1181,50.4674
603,1166,50.4751
604,1241,51.8195
605,1141,50.4119
606,1219,51.4824
607,1270,49.7512
608,1221,48.6896
609,1305,51.6444
610,1226,50.8361
611,1180,49.1610
612,1256,50.5701
613,1165,50.3107
614,1218,50.0920
615,1208,50.0166
616,1207,51.6313
617,1188,49.5892
618,1209,51.7560
619,1212,49.4101
620,1308,52.1835
621,1260,50.2429
622,1203,50.9401
623,1243,48.8568
624,1248,51.9207
625,1229,51.0960
626,1288,50.3672
627,1208,48.2475
628,1251,49.6043
629,1272,49.1274
630,1245,51.0153
631,1306,50.3453
632,1283,48.6157
633,1247,50.0818
634,1270,50.3811
635,1272,50.2579
636,1307,51.3129
637,1277,50.8152
638,1263,50.1821
639,1253,48.7263
640,1258,49.8792
641,1306,51.5375
642,1246,49.7287
643,1295,51.2625
644,1318,49.0250
645,1337,51.2924
646,1254,52.0335
647,1275,49.6784
648,1292,49.2717
649,1299,49.6359
650,1277,49.3305
651,1292,50.5402
652,1339,51.2158
653,1304,50.0475
654,1333,49.1560
655,1272,50.5094
656,1375,50.5789
657,1257,49.5370
658,1304,50.2255
659,1341,49.5168
660,1394,50.3042
661,1308,49.7913
662,1344,50.2537
663,1301,50.8278
664,1254,51.1882
665,1352,51.0725
666,1302,51.2926
667,1341,51.0089
668,1281,51.2545
669,1336,50.2747
670,1377,50.4858
671,1295,51.2386
672,1315,50.9483
673,1350,50.9830
674,1310,50.7611
675,1297,49.5443
676,1323,50.5790
677,1316,51.0760
678,1339,50.4600
679,1303,50.9110
680,1362,50.1300
681,1306,49.1156
682,1328,51.3411
683,1401,50.8580
684,1333,50.1170
685,1377,50.7182
686,1419,51.4003
687,1418,50.0423
688,1384,49.9386
689,1413,51.2611
690,1406,50.2283
691,1339,50.2644
692,1355,50.5026
693,1454,50.7311
694,1349,50.5523
695,1376,50.6010
696,1313,49.6344
697,1388,50.6895
698,1363,49.3683
699,1380,49.2993
700,1399,51.1794
701,1443,50.5038
702,1470,50.7190
703,1441,50.1117
704,1433,50.8179
705,1412,51.6494
706,1351,49.3560
707,1362,50.8018
708,1438,51.3178
709,1374,49.1929
710,1455,51.6131
711,1415,50.5237
712,1437,51.7731
713,1439,50.2321
714,1400,50.1943
715,1446,49.8942
716,1394,49.9935
717,1439,50.1480
718,1431,50.7890
719,1430,50.9916
720,1465,49.9345
721,1353,50.5950
722,1447,50.7298
723,1406,51.1657
724,1435,49.3568
725,1476,49.8178
726,1528,49.6368
727,1463,50.8428
728,1463,51.1948
729,1505,50.6545
730,1477,50.4902
731,1439,50.2022
732,1479,49.5145
733,1491,50.1335
734,1469,49.9435
735,1485,49.2956
736,1467,50.0982
737,1539,49.8856
738,1542,50.3385
739,1463,49.1183
740,1498,51.9760
741,1469,49.5650
742,1530,50.2477
743,1458,50.9767
744,1496,49.5782
745,1464,51.5792
746,1490,49.5624
747,1539,51.6972
748,1479,51.5997
749,1532,51.0339
750,1442,50.6366
751,1464,50.9324
752,1486,50.1359
753,1479,50.8945
754,1440,50.6375
755,1546,49.5201
756,1485,49.8088
757,1565,49.7374
758,1466,49.7660
759,1515,49.5287
760,1523,51.0814
761,1559,49.9083
762,1544,51.3899
763,1492,49.4672
764,1518,50.3893
765,1541,49.9169
766,1495,50.0849
767,1540,51.6416
768,1518,50.3663
769,1473,51.4420
770,1470,50.4735
771,1539,50.3619
772,1456,49.4684
773,1502,50.5413
774,1563,50.5131
775,1611,49.2222
776,1527,50.4289
777,1562,50.1863
778,1496,50.2881
779,1575,49.9060
780,1617,51.2690
781,1611,50.2588
782,1597,50.9011
783,1587,50.1884
784,1600,50.4369
785,1577,51.0609
786,1582,49.5626
787,1516,51.0627
788,1578,50.5330
789,1587,49.4234
790,1605,49.4822
791,1606,50.9539
792,1566,49.7478
793,1527,50.2423
794,1605,51.3022
795,1538,52.3882
796,1516,51.4538
797,1580,51.0987
798,1652,50.7494
799,1603,50.0006
800,1639,51.3466
801,1595,50.4075
802,1560,51.8577
803,1606,50.2335
804,1666,50.4184
805,1605,50.2355
806,1592,50.7035
807,1582,50.9260
808,1563,50.4293
809,1661,50.6358
810,1622,50.8878
811,1664,50.8678
812,1608,51.2724
813,1631,50.7805
814,1646,51.1768
815,1600,51.3550
816,1615,51.3282
817,1583,49.3064
818,1643,50.9592
819,1608,49.6275
820,1749,50.8473
821,1666,48.8091
822,1589,50.7244
823,1651,50.8583
824,1649,50.9733
825,1703,51.2208
826,1690,50.9231
827,1679,50.4229
828,1669,51.3811
829,1546,52.2426
830,1684,51.2827
831,1584,49.8030
832,1725,51.0800
833,1701,50.3610
834,1689,49.8822
835,1649,49.7132
836,1641,50.7386
837,1690,50.4059
838,1680,50.0220
839,1682,51.3359
840,1689,49.7430
841,1646,51.2837
842,1695,49.7015
843,1645,50.0547
844,1633,51.1212
845,1761,50.3589
846,1710,49.7626
847,1745,49.3358
848,1728,49.9016
849,1675,50.0090
850,1620,51.1019
851,1707,51.4628
852,1650,49.6776
853,1698,50.7650
854,1682,49.5678
855,1630,51.3699
856,1697,49.2652
857,1763,49.1974
858,1710,51.1784
859,1707,49.9051
860,1730,49.3740
861,1795,50.8880
862,1737,50.2873
863,1721,50.2510
864,1725,51.3849
865,1747,50.1580
866,1694,50.9126
867,1711,53.0812
868,1623,51.0191
869,1718,49.9383
870,1731,49.3992
871,1695,49.8484
872,1721,50.9303
873,1749,49.7547
874,1728,49.9612
875,1810,49.5818
876,1781,50.1960
877,1770,49.9757
878,1734,51.6292
879,1736,51.0829
880,1745,50.0115
881,1732,50.1657
882,1753,50.7302
883,1789,50.1151
884,1776,49.9803
885,1813,51.0298
886,1769,51.6026
887,1712,51.0958
888,1822,50.8628
889,1773,50.7242
890,1768,50.4581
891,1786,52.0084
892,1802,50.4623
893,1741,50.5089
894,1813,49.4424
895,1822,50.0011
896,1722,50.8873
897,1891,50.5568
898,1871,51.7590
899,1794,49.4002
900,1812,49.3869
901,1781,49.4795
902,1754,50.3563
903,1777,50.9201
904,1794,51.2386
905,1845,50.1940
906,1823,49.6061
907,1828,50.7385
908,1847,48.9783
909,1851,50.4192
910,1786,49.8091
911,1834,50.9700
912,1815,50.3994
913,1841,51.0511
914,1853,51.7944
915,1821,49.0187
916,1872,49.7500
917,1820,51.9407
918,1802,51.5283
919,1842,49.4973
920,1794,49.6767
921,1863,51.4396
922,1886,50.5170
923,1854,50.3959
924,1746,49.6283
925,1888,49.5122
926,1862,49.8867
927,1850,50.3232
928,1903,51.4141
929,1843,50.5632
930,1906,50.3903
931,1912,50.9299
932,1829,51.0241
933,1910,50.8236
934,1894,50.3580
935,1811,50.5240
936,1883,49.6707
937,1848,50.8198
938,1847,50.9778
939,1868,51.1970
940,1837,50.0142
941,1885,51.4923
942,1866,51.1715
943,1924,50.1674
944,1883,51.7509
945,1872,51.4396
946,1825,51.0921
947,1933,50.4511
948,1969,49.1717
949,1839,49.5356
950,1878,51.9814
951,1932,49.9669
952,1960,50.9964
953,1881,50.7804
954,1926,50.8115
955,1914,49.3819
956,1869,50.6094
957,1842,49.2524
958,1923,50.3271
959,1928,49.6328
960,2000,50.4905
961,1903,50.2370
962,1886,49.7815
963,1929,50.9533
964,2060,48.9956
965,1971,50.6449
966,1830,50.6617
967,1914,49.4065
968,1939,50.5756
969,1988,50.6590
970,1922,51.4495
971,1998,50.9349
972,1910,49.7743
973,1996,52.4649
974,2027,50.9117
975,1848,50.6207
976,1945,51.0216
977,2020,50.2198
978,2040,51.1265
979,1957,51.4027
980,1956,50.8926
981,2010,51.3139
982,1970,51.4995
983,2015,50.2730
984,1927,50.6788
985,1995,51.3574
986,1974,50.4716
987,1982,50.4475
988,2003,50.4398
989,1977,50.5994
990,1943,51.0885
991,1927,49.2107
992,1958,51.1210
993,1899,51.2902
994,1991,50.4686
995,2019,51.8029
996,2011,50.7563
997,2007,49.9686
998,1968,51.2149
999,2029,50.1966
1000,1997,51.2829
