1
2
3
4
5
6
7
8
9
10
11
12
13
14
15
16
17
18
19
20
21
22
23
24
25
26
27
28
29
30
31
32
33
34
35
36
37
38
39
40
41
42
43
44
45
46
47
48
49
50
51
52
53
54
55
56
57
58
59
60
61
62
63
64
65
66
67
68
69
70
71
72
73
74
75
76
77
78
79
80
81
82
83
84
85
86
87
88
89
90
91
92
93
94
95
96
97
98
99
100
101
102
103
104
105
106
107
108
109
110
111
112
113
114
115
116
117
118
119
120
121
122
123
124
125
126
127
128
129
130
131
132
133
134
135
136
137
138
139
140
141
142
143
144
145
146
147
148
149
150
151
152
153
154
155
156
157
158
159
160
161
162
163
164
165
166
167
168
169
170
171
172
173
174
175
176
177
178
179
180
181
182
183
184
185
186
187
188
189
190
191
192
193
194
195
196
197
198
199
200
201
202
203
204
205
206
207
208
209
210
211
212
213
214
215
216
217
218
219
220
221
222
223
224
225
226
227
228
229
230
231
232
233
234
235
236
237
238
239
240
241
242
243
244
245
246
247
248
249
250
251
252
253
254
255
256
257
258
259
260
261
262
263
264
265
266
267
268
269
270
271
272
273
274
275
276
277
278
279
280
281
282
283
284
285
286
287
288
289
290
291
292
293
294
295
296
297
298
299
300
301
302
303
304
305
306
307
308
309
310
311
312
313
314
315
316
317
318
319
320
321
322
323
324
325
326
327
328
329
330
331
332
333
334
335
336
337
338
339
340
341
342
343
344
345
346
347
348
349
350
351
352
353
354
355
356
357
358
359
360
361
362
363
364
365
366
367
368
369
370
371
372
373
374
375
376
377
378
379
380
381
382
383
384
385
386
387
388
389
390
391
392
393
394
395
396
397
398
399
400
401
402
403
404
405
406
407
408
409
410
411
412
413
414
415
416
417
418
419
420
421
422
423
424
425
426
427
428
429
430
431
432
433
434
435
436
437
438
439
440
441
442
443
444
445
446
447
448
449
450
451
452
453
454
455
456
457
458
459
460
461
462
463
464
465
466
467
468
469
470
471
472
473
474
475
476
477
478
479
480
481
482
483
484
485
486
487
488
489
490
491
492
493
494
495
496
497
498
499
500
501
502
503
504
505
506
507
508
509
510
511
512
513
514
515
516
517
518
519
520
521
522
523
524
525
526
527
528
529
530
531
532
533
534
535
536
537
538
539
540
541
542
543
544
545
546
547
548
549
550
551
552
553
554
555
556
557
558
559
560
561
562
563
564
565
566
567
568
569
570
571
572
573
574
575
576
577
578
579
580
581
582
583
584
585
586
587
588
589
590
591
592
593
594
595
596
597
598
599
600
601
602
603
604
605
606
607
608
609
610
611
612
613
614
615
616
617
618
619
620
621
622
623
624
625
626
627
628
629
630
631
632
633
634
635
636
637
638
639
640
641
642
643
644
645
646
647
648
649
650
651
652
653
654
655
656
657
658
659
660
661
662
663
664
665
666
667
668
669
670
671
672
673
674
675
676
677
678
679
680
681
682
683
684
685
686
687
688
689
690
691
692
693
694
695
696
697
698
699
700
701
702
703
704
705
706
707
708
709
710
711
712
713
714
715
716
717
718
719
720
721
722
723
724
725
726
727
728
729
730
731
732
733
734
735
736
737
738
739
740
741
742
743
744
745
746
747
748
749
750
751
752
753
754
755
756
757
758
759
760
761
762
763
764
765
766
767
768
769
770
771
772
773
774
775
776
777
778
779
780
781
782
783
784
785
786
787
788
789
790
791
792
793
794
795
796
797
798
799
800
801
802
803
804
805
806
807
808
809
810
811
812
813
814
815
816
817
818
819
820
821
822
823
824
825
826
827
828
829
830
831
832
833
834
835
836
837
838
839
840
841
842
843
844
845
846
847
848
849
850
851
852
853
854
855
856
857
858
859
860
861
862
863
864
865
866
867
868
869
870
871
872
873
874
875
876
877
878
879
880
881
882
883
884
885
886
887
888
889
890
891
892
893
894
895
896
897
898
899
900
901
902
903
904
905
906
907
908
909
910
911
912
913
914
915
916
917
918
919
920
921
922
923
924
925
926
927
928
929
930
931
932
933
934
935
936
937
938
939
940
941
942
943
944
945
946
947
948
949
950
951
952
953
954
955
956
957
958
959
960
961
962
963
964
965
966
967
968
969
970
971
972
973
974
975
976
977
978
979
980
981
982
983
984
985
986
987
988
989
990
991
992
993
994
995
996
997
998
999
1000
371
557
628
410
438
462
633
428
625
390
768
581
407
361
392
416
429
617
553
546
449
432
445
452
360
451
504
699
564
506
500
454
430
472
403
353
577
496
475
320
370
430
537
408
345
461
765
606
372
605
494
710
498
557
586
600
461
460
490
571
537
504
604
550
522
560
532
442
389
604
630
614
673
331
497
454
266
476
452
419
594
508
468
477
414
625
500
470
355
452
565
454
570
512
616
464
404
548
459
481
614
540
582
466
414
416
551
493
590
497
492
460
450
436
561
524
435
436
462
564
557
470
560
578
390
362
395
507
523
481
588
398
556
367
436
509
506
413
463
494
462
636
405
592
472
377
398
503
449
344
595
262
626
330
591
409
180
375
516
503
464
407
552
591
394
373
575
524
525
465
557
398
574
407
507
560
543
399
449
437
341
488
604
374
482
296
420
377
543
533
633
472
606
574
517
338
453
601
303
494
454
611
373
437
505
461
627
721
618
418
468
685
474
682
390
490
570
610
495
469
463
547
532
453
485
536
413
528
579
457
538
426
537
672
641
300
374
357
528
652
514
644
518
514
562
486
521
358
458
422
462
472
446
490
538
476
552
520
540
575
617
475
555
413
401
598
503
457
452
593
415
608
456
590
616
403
501
410
426
441
483
539
550
506
419
611
490
479
587
532
441
663
420
299
442
549
475
594
513
470
555
485
369
413
524
519
615
431
414
351
472
571
512
421
554
415
753
507
457
486
566
431
654
480
514
490
304
517
533
532
388
421
662
516
468
527
482
399
561
450
538
597
346
504
330
415
518
264
455
427
526
462
369
599
693
582
278
504
378
631
500
523
487
509
570
468
469
404
477
621
476
523
707
539
326
506
453
361
545
327
528
651
531
562
372
440
506
375
345
524
388
784
447
498
614
516
565
414
557
586
567
476
760
383
499
515
549
568
378
488
481
482
376
415
496
504
570
569
469
495
377
475
393
425
509
458
611
457
496
470
604
320
543
227
454
591
468
407
547
439
519
511
614
653
596
636
506
505
404
509
468
450
407
463
416
515
492
639
651
586
324
667
596
651
665
526
563
409
428
433
668
485
344
397
622
490
541
378
550
434
339
599
700
472
451
556
430
428
361
403
487
596
465
479
503
458
477
420
417
596
444
510
568
696
512
424
537
573
385
378
528
551
508
446
464
682
620
593
381
474
491
551
603
700
711
292
521
618
391
451
450
557
513
640
539
444
460
390
589
398
796
391
484
489
383
475
417
472
586
512
511
562
670
575
684
516
421
533
362
447
465
429
759
664
639
514
358
582
364
256
730
614
590
303
610
435
618
499
430
378
485
441
574
484
442
498
330
605
445
497
620
400
527
407
404
597
527
593
567
486
401
533
355
512
560
356
532
442
556
414
264
505
518
444
432
634
441
366
316
429
519
574
607
372
508
476
552
587
422
402
578
536
469
579
459
352
497
498
680
503
550
591
415
406
523
342
396
551
569
559
491
591
555
581
522
566
531
459
693
372
562
624
408
570
585
401
499
479
632
545
550
527
662
541
384
647
530
449
397
478
412
553
392
497
542
610
494
576
467
247
406
483
561
636
602
390
435
441
557
665
296
449
662
420
386
581
534
678
427
461
458
476
465
463
456
513
548
421
541
616
432
449
449
574
442
578
561
517
569
684
537
505
402
504
465
559
501
642
564
372
469
611
454
520
510
391
506
658
441
543
392
447
566
567
333
391
562
522
397
628
584
494
601
389
494
584
439
550
486
546
540
482
468
478
404
616
466
403
632
428
505
713
465
580
441
401
472
440
442
439
441
496
520
377
449
599
507
545
535
493
357
531
544
346
525
430
564
525
509
505
458
589
587
461
496
415
450
447
521
645
358
415
665
669
556
420
502
513
484
576
414
530
464
507
616
403
502
635
324
420
429
723
485
462
739
483
575
602
319
775
571
511
557
509
457
390
663
543
550
679
381
580
478
570
478
624
371
402
606
545
403
449
639
558
495
374
584
519
660
476
550
453
380
545
468
513
424
404
482
482
406
528
681
389
510
376
425
466
610
472
413
415
457
481
378
627
423
519
504
461
480
640
445
597
551
467
549
332
512
662
530
463
427
524
405
371
512
253
389
565
287
577
373
593
317
601
529
362
479
419
485
431
522
314
406
514
500
499
414
454
536
487
670
542
619
463
541
618
450
644
546
310
658
306
304
585
567
515
424
467
380
712
588
487
589
751
647
382
528
605
541
349
670
408
449
599
531
540
579
260
556
438
649
449
508
789
307
614
436
558
574
436
541
472
407
509
500
517
354
436
420
523
447
547
587
728
518
568
522
620
410
631
351
594
675
602
561
450
672
404
363
507
450
462
530
453
340
647
369
441
444
408
397
470
351
254
524
588
553
558
724
388
571
382
459
581
376
586
537
538
516
490
624
510
523
580
531
463
607
380
453
422
391
648
541
417
409
548
429
536
533
461
713
402
643
386
614
498
490
537
442
458
555
656
604
315
531
647
294
591
376
484
449
441
646
413
614
381
298
573
407
474
437
535
662
468
486
247
431
549
515
546
497
497
426
383
327
427
485
235
579
340
394
612
450
461
228
601
547
504
501
425
604
523
524
543
517
590
358
647
532
467
445
514
507
512
499
583
597
502
614
423
400
391
524
453
449
519
598
477
651
612
477
543
528
476
548
484
454
436
395
450
544
395
548
669
445
648
454
345
586
579
641
566
585
434
660
400
470
444
475
543
323
455
563
547
493
649
484
495
530
493
481
345
532
397
271
487
475
549
587
543
484
483
362
265
507
485
561
555
565
383
387
351
370
406
489
479
505
497
633
459
466
421
471
483
595
403
342
459
434
518
363
470
565
414
539
449
509
674
374
339
594
435
411
295
480
391
353
536
519
511
402
411
395
455
360
460
514
531
614
472
393
532
475
688
469
396
543
566
494
502
571
385
535
659
389
468
433
350
652
298
626
354
714
598
444
454
469
697
530
353
482
498
597
340
592
606
434
656
610
643
528
343
467
659
396
352
437
459
490
588
582
454
450
495
666
400
594
584
511
506
635
438
611
518
411
454
454
651
519
522
541
503
455
362
433
409
512
497
388
479
511
440
490
467
409
410
434
408
510
445
419
643
400
515
707
607
449
814
511
628
471
444
524
434
383
491
633
578
299
487
577
358
335
349
458
473
553
374
507
502
578
380
472
487
587
580
533
513
546
775
336
408
512
561
540
624
466
457
480
621
519
579
650
506
395
471
452
529
487
405
609
536
652
546
316
562
663
560
469
357
595
333
699
561
511
494
684
337
554
435
529
686
451
533
518
587
394
460
546
375
400
372
646
537
571
426
500
447
411
522
405
321
643
364
316
738
509
455
654
430
448
437
366
601
544
465
595
583
499
422
426
471
432
559
474
510
500
503
460
511
566
382
541
424
749
534
620
430
399
632
610
507
515
445
551
350
521
425
457
451
533
524
677
551
511
545
675
516
587
593
200
417
417
486
453
554
469
423
549
506
486
319
362
424
549
410
424
570
463
445
437
624
539
434
603
536
432
440
457
550
617
623
598
420
494
498
452
599
519
673
334
580
454
381
419
549
488
524
288
558
632
586
493
525
348
336
631
398
574
384
540
450
583
382
462
504
543
347
508
600
618
517
459
375
572
429
479
508
537
487
468
583
424
578
571
453
441
674
299
635
417
596
542
532
559
312
471
638
404
536
512
504
606
536
413
490
426
558
433
534
409
488
635
502
588
682
502
579
470
500
476
642
542
606
375
381
584
313
454
621
430
329
573
455
601
365
504
497
590
498
700
501
539
636
615
601
567
635
550
623
569
582
500
353
563
526
402
638
518
391
652
519
544
510
422
577
342
571
479
546
452
583
321
633
522
531
699
506
365
489
645
420
428
663
439
456
471
408
608
399
355
476
597
455
360
466
579
533
372
354
499
720
440
344
483
414
470
530
419
435
340
539
527
576
527
573
609
378
581
376
393
229
505
467
396
544
479
563
473
592
455
645
433
326
376
534
592
398
617
586
713
346
275
405
469
598
518
576
545
497
563
254
423
634
360
275
441
553
432
570
519
381
635
511
456
515
470
411
457
464
631
525
512
473
665
512
452
612
592
512
396
399
543
608
731
454
677
533
620
519
579
444
512
471
402
588
547
519
536
264
509
325
541
221
357
529
575
404
459
400
593
631
442
697
494
487
533
520
514
648
354
409
515
483
495
390
531
387
473
733
519
446
424
651
511
543
545
668
546
554
672
553
308
562
449
708
352
583
502
510
456
272
543
487
599
336
368
569
713
510
311
526
478
481
452
659
518
539
636
393
448
484
649
479
515
535
647
366
582
602
553
540
755
635
215
412
529
588
338
628
230
404
476
691
582
541
491
678
706
482
401
501
628
358
522
660
503
525
500
398
579
466
534
311
475
548
563
381
415
584
627
437
339
471
563
557
571
494
502
505
662
458
495
645
485
517
490
372
415
652
426
477
422
503
562
608
501
426
524
456
555
271
547
171
501
638
481
703
586
512
602
419
650
596
377
377
474
430
500
480
613
665
495
549
603
413
589
457
489
576
353
396
457
525
349
524
486
468
564
471
360
431
505
536
411
544
518
504
496
298
461
515
533
634
472
457
534
640
474
371
476
669
471
555
522
659
556
510
524
406
615
608
430
346
489
420
312
511
463
570
541
574
527
675
511
545
506
545
337
517
540
624
558
465
443
407
392
637
506
448
392
653
517
449
356
420
597
661
524
691
447
425
430
570
323
522
642
589
583
581
600
594
488
499
428
303
541
487
652
524
527
238
379
443
523
463
313
476
528
381
541
550
561
585
519
533
563
667
638
449
399
555
634
535
615
288
527
597
350
349
380
619
523
439
438
298
252
369
609
708
410
492
521
554
457
544
629
523
486
348
633
466
458
512
341
518
692
589
613
456
484
568
473
284
525
570
480
561
597
588
688
392
511
504
337
421
467
406
578
520
398
592
364
438
439
632
531
460
344
605
551
438
429
442
491
501
692
503
530
675
538
446
546
450
469
519
473
511
621
197
450
642
395
465
590
646
514
668
557
584
521
452
572
357
461
783
517
626
471
385
782
516
397
293
647
446
324
651
470
550
507
461
530
445
312
241
360
472
643
398
420
511
440
703
545
516
426
225
464
421
333
441
477
561
454
485
395
552
493
260
565
623
599
280
454
326
587
496
519
506
670
296
530
508
535
453
505
564
481
453
579
549
367
522
626
463
405
601
548
405
547
236
544
553
490
536
687
728
580
493
621
564
481
504
357
548
454
540
667
488
485
417
436
469
380
538
554
599
585
579
581
469
393
486
620
569
455
453
466
568
588
286
444
576
478
342
476
377
480
609
653
463
526
416
528
634
560
509
428
467
635
385
471
401
412
386
490
469
559
422
440
420
672
607
372
679
476
535
528
562
468
550
432
344
423
569
448
521
354
536
469
619
441
363
570
579
414
489
369
497
581
503
338
515
442
529
550
350
578
572
393
513
496
554
403
617
362
459
394
614
599
358
421
557
774
606
378
612
580
669
549
511
485
416
625
372
545
475
487
434
488
606
522
421
500
492
448
700
454
597
589
484
528
649
615
539
665
442
494
559
458
434
339
379
602
436
589
371
484
330
566
420
555
537
671
564
517
482
441
659
527
629
535
455
550
658
600
415
634
516
556
747
455
465
458
482
428
480
434
688
495
492
504
527
384
636
574
589
454
570
594
701
682
439
348
522
500
486
356
461
576
660
730
560
698
372
596
538
545
407
327
732
230
526
500
480
352
417
457
595
312
636
522
473
748
618
520
623
398
569
444
566
501
613
595
644
479
407
461
561
544
412
763
670
637
486
459
419
557
668
366
417
479
446
582
504
573
658
569
661
286
395
715
618
507
599
615
351
574
570
583
583
506
541
424
479
329
622
321
702
482
414
365
508
694
527
373
543
712
511
647
669
550
471
512
368
421
449
400
488
551
536
374
410
583
392
414
429
562
515
603
474
626
284
509
318
579
411
519
477
476
426
503
662
476
562
389
729
511
457
536
585
528
489
537
691
568
497
592
630
436
270
491
497
589
520
578
484
408
481
347
522
602
357
497
409
555
764
570
595
483
419
525
519
690
294
617
426
639
412
456
463
437
439
432
483
535
613
378
388
426
413
446
590
620
599
388
479
433
569
474
498
451
452
541
555
564
496
449
304
580
544
369
643
481
562
538
537
455
318
515
455
336
601
487
708
409
305
486
330
372
475
407
457
507
448
403
364
508
589
573
602
584
511
547
527
377
440
364
451
535
403
571
363
543
375
335
388
557
610
444
486
524
450
341
412
452
521
440
546
512
430
686
402
485
542
365
388
481
443
325
459
602
422
497
466
435
407
327
573
678
505
553
402
528
439
500
513
361
487
551
531
620
350
438
517
654
519
314
691
474
468
474
587
432
479
599
463
575
460
419
477
423
657
336
625
371
485
455
359
574
556
585
361
552
653
480
402
633
427
717
421
358
510
494
586
591
291
429
586
558
520
416
618
534
686
573
573
485
502
621
537
441
614
371
425
544
566
266
434
255
587
621
467
578
511
502
625
481
447
456
370
676
589
424
456
453
493
502
594
679
364
521
503
392
323
397
537
355
252
553
586
397
490
518
658
593
407
350
328
535
550
452
352
436
491
612
689
297
327
737
532
545
333
484
435
417
504
539
458
343
751
465
580
477
198
486
484
552
288
578
502
482
482
640
556
493
594
549
475
326
487
590
393
538
608
626
557
696
598
442
505
675
372
486
540
714
424
539
529
512
441
470
783
455
329
656
568
406
474
546
650
433
401
391
578
449
440
580
550
546
385
541
566
538
526
449
463
573
661
258
532
575
653
534
611
578
279
437
458
488
631
651
645
512
536
466
569
450
528
540
296
392
675
527
504
353
668
442
463
561
589
672
546
502
478
359
492
458
593
402
359
376
493
516
419
349
577
484
572
493
366
423
575
467
142
499
426
471
559
494
537
477
535
511
629
421
571
505
559
472
541
772
543
515
632
503
516
601
731
615
832
626
562
450
548
387
569
674
560
382
482
664
459
393
526
402
641
630
513
322
618
550
463
490
507
298
387
568
285
543
503
673
475
509
540
487
539
648
411
599
594
555
562
493
361
497
407
399
533
544
406
522
507
418
565
593
400
595
363
480
732
240
710
577
488
609
393
481
359
426
523
455
290
321
410
474
460
400
549
403
447
683
522
385
446
501
659
520
495
556
433
461
381
488
375
273
488
434
518
517
688
515
487
667
394
428
727
575
440
442
475
456
464
473
635
359
601
471
365
396
403
344
596
404
449
524
452
509
640
475
437
284
473
535
381
480
685
534
450
637
487
449
483
398
540
460
426
411
559
453
366
570
378
211
338
492
560
612
626
336
453
363
368
780
470
469
550
513
395
550
510
684
543
520
435
381
438
317
565
522
423
389
568
528
562
511
694
481
413
421
394
462
625
535
646
345
461
460
487
785
620
641
287
471
502
556
551
472
419
569
352
399
457
511
378
370
373
604
496
358
380
468
305
319
487
469
420
547
641
476
543
498
622
592
526
619
399
403
384
330
562
421
609
563
540
480
404
546
441
611
479
361
359
408
646
468
584
445
537
585
265
591
693
586
393
547
525
424
441
366
443
620
574
488
384
435
541
568
278
352
510
508
592
568
455
421
433
516
451
350
604
638
538
272
500
557
424
550
572
332
516
392
435
546
521
521
324
629
429
653
608
598
568
334
637
539
500
459
460
637
472
516
457
468
373
602
530
472
685
318
319
526
614
538
497
522
458
487
756
467
477
554
458
531
725
443
518
406
607
575
664
344
734
585
383
407
618
504
452
414
445
583
342
411
662
446
494
562
344
330
365
326
629
491
542
610
509
458
358
475
545
570
438
615
516
325
696
442
534
453
563
433
553
429
639
454
409
486
571
484
383
296
674
539
668
558
618
566
549
450
532
379
266
608
487
518
681
471
367
476
441
478
453
468
541
469
392
545
453
536
329
606
541
540
375
507
666
493
591
444
666
518
797
556
555
380
409
563
550
520
580
557
537
537
535
651
623
616
488
373
344
529
235
452
455
607
288
569
526
385
527
528
795
653
488
572
654
466
650
317
512
459
645
440
587
645
656
555
582
429
597
665
556
434
421
553
405
652
553
715
416
482
740
456
580
344
545
505
452
382
471
370
606
261
471
440
569
424
509
456
352
574
682
519
461
618
358
702
494
642
480
469
275
538
611
773
518
458
667
425
516
722
402
590
405
530
545
438
664
592
451
549
394
574
497
527
552
601
720
343
527
476
489
433
475
654
523
391
452
533
547
473
485
464
376
475
502
497
618
588
588
383
443
613
487
599
519
596
594
684
529
443
606
520
593
367
554
392
523
489
553
473
391
555
417
609
395
515
580
688
321
564
412
596
601
468
564
517
433
398
710
710
597
409
645
697
416
404
420
713
573
360
523
518
500
517
487
436
496
493
465
610
488
528
481
369
598
453
636
477
480
468
612
607
366
369
632
279
520
434
457
472
718
389
456
500
553
461
565
496
411
645
475
485
524
666
470
566
416
361
558
489
597
517
448
500
522
659
535
537
395
445
550
555
322
535
324
421
658
520
511
411
465
611
505
557
470
428
529
385
518
509
469
491
444
378
378
491
588
485
392
466
549
632
626
383
580
566
587
555
283
391
520
411
580
489
567
720
555
477
439
581
596
376
424
422
400
509
479
316
297
560
460
710
635
441
410
550
523
515
380
636
649
463
690
538
508
440
607
505
590
457
353
464
425
668
500
346
627
558
615
384
486
530
462
447
380
458
399
655
453
475
568
313
428
495
535
470
706
507
401
434
475
599
575
439
434
518
595
457
447
568
501
403
675
443
637
495
594
543
388
642
592
404
423
378
528
402
592
471
533
469
421
526
383
468
600
422
373
527
503
358
487
462
469
528
636
537
481
687
391
602
555
309
538
541
563
494
539
516
378
531
405
578
483
406
475
425
494
474
456
586
367
470
492
515
541
667
422
572
484
543
498
555
609
480
493
424
512
539
430
421
421
589
630
513
433
452
596
464
735
682
601
551
584
472
559
362
577
516
515
479
445
425
519
551
599
581
502
446
492
667
362
387
521
629
543
447
550
410
350
416
529
438
491
449
580
417
674
689
704
556
518
629
379
608
555
353
287
545
643
439
493
502
583
337
418
568
455
561
634
463
575
678
539
469
490
391
513
606
552
574
494
644
496
472
575
584
437
510
565
595
328
363
424
623
377
634
446
428
446
397
391
686
488
729
504
564
392
511
405
538
408
588
449
543
512
539
632
472
512
415
399
554
414
721
660
460
512
402
454
647
544
694
376
557
420
454
488
500
485
344
525
345
418
488
640
543
467
431
429
487
483
573
490
668
554
557
562
366
536
388
612
587
476
493
317
684
540
515
528
581
505
492
542
500
584
410
506
549
296
259
554
524
481
402
539
605
362
573
548
485
294
515
462
492
384
605
490
528
438
633
183
573
380
570
366
373
388
472
458
471
662
686
232
408
429
510
453
461
522
585
383
467
340
527
646
523
629
384
548
530
393
550
407
521
527
430
520
559
608
477
239
528
324
502
453
618
454
595
518
522
536
606
471
489
394
374
378
404
437
491
641
596
568
641
466
611
586
545
462
399
594
680
533
434
423
393
209
490
464
458
600
406
670
559
436
622
509
349
531
493
315
671
587
420
525
478
568
536
638
474
556
581
487
595
607
636
552
397
621
462
468
600
570
451
474
469
438
575
466
601
386
351
632
611
613
340
593
568
445
555
450
504
601
545
538
497
553
540
561
389
407
319
403
406
563
406
632
531
570
496
466
516
616
545
374
641
568
466
587
531
470
525
768
406
724
517
575
459
513
499
498
599
387
566
405
480
406
625
460
464
505
389
523
647
455
622
687
448
490
432
540
663
420
458
473
530
470
469
456
438
310
564
524
683
616
345
521
503
444
766
390
598
379
551
608
689
543
416
425
513
476
450
502
483
509
474
562
462
454
671
475
482
330
429
663
385
497
411
526
657
395
710
578
422
496
552
349
574
618
685
504
595
447
688
411
541
679
521
643
424
334
485
545
522
523
430
545
527
514
335
471
319
503
599
603
438
370
495
437
602
477
253
640
568
668
429
412
289
576
595
451
504
410
572
651
461
595
407
448
512
566
412
418
552
526
641
415
552
424
473
553
447
448
578
393
600
496
511
425
625
354
484
231
647
451
418
626
455
614
572
432
440
348
423
676
400
321
497
518
406
566
485
453
388
544
555
454
512
542
516
509
631
467
362
491
364
296
497
639
464
513
521
473
535
284
603
512
556
734
411
528
241
509
572
520
389
418
523
540
629
653
526
354
509
498
568
601
266
551
439
422
581
479
328
357
602
366
526
636
535
447
658
437
599
531
533
735
528
550
648
180
495
501
585
453
547
463
521
390
498
383
511
497
510
447
799
527
417
579
523
582
813
458
725
564
457
460
530
579
511
364
450
489
409
600
848
606
528
722
557
669
420
387
428
521
541
546
385
514
615
566
409
531
642
458
464
373
614
432
505
446
434
703
502
369
589
477
409
645
579
380
310
575
390
393
586
481
487
468
659
486
514
418
364
484
483
535
571
497
539
224
578
471
375
480
341
352
614
500
509
504
711
569
521
601
523
450
547
505
509
547
529
460
559
492
575
411
451
588
453
305
546
480
491
429
561
498
546
662
409
386
540
401
413
649
594
434
463
564
427
366
609
507
543
435
554
401
528
568
414
613
345
484
196
537
538
354
572
498
559
465
332
490
255
650
700
458
453
431
585
549
571
592
311
589
556
400
611
471
577
474
465
528
461
470
643
545
454
672
389
598
773
715
358
504
532
515
503
365
428
407
463
518
380
464
306
393
548
668
670
341
354
573
380
782
713
501
372
584
515
400
637
520
606
413
638
701
436
575
317
540
516
582
442
519
283
461
441
456
460
476
549
349
667
411
433
419
444
405
460
619
573
447
409
350
459
384
589
561
677
456
491
662
396
505
550
533
432
427
445
479
700
407
448
602
382
524
556
462
437
572
562
549
705
587
608
414
441
621
453
344
434
586
428
728
619
308
509
618
400
491
518
602
476
486
536
510
496
497
446
374
576
496
399
527
580
618
366
363
438
491
483
659
375
482
624
664
575
464
605
467
680
429
483
524
513
459
499
633
482
480
537
464
471
485
451
541
403
480
373
470
554
474
512
379
502
459
618
187
407
396
525
457
406
324
616
346
594
542
622
606
431
622
417
465
364
567
552
368
416
594
549
374
662
473
538
567
368
505
621
521
676
445
291
636
465
425
653
518
572
554
573
565
549
421
491
325
469
427
286
475
513
517
466
477
460
589
331
456
453
495
569
348
517
391
563
602
427
471
594
420
434
476
360
602
426
613
445
638
442
479
386
487
542
411
643
399
652
640
313
521
511
477
458
385
447
421
563
430
528
534
493
526
511
642
382
542
519
463
525
339
523
491
533
337
555
526
582
502
489
462
606
723
665
588
582
490
559
675
606
560
395
419
500
538
635
632
404
630
436
463
409
597
662
497
614
427
573
488
419
380
501
451
445
556
573
434
494
492
581
775
546
316
556
514
480
550
517
579
527
448
706
492
564
709
297
614
324
366
429
527
623
459
424
711
354
395
712
382
332
399
630
504
315
297
493
413
366
493
572
459
520
387
423
514
568
455
406
505
557
581
551
396
493
663
452
495
576
425
686
447
385
530
512
512
557
426
438
474
604
706
570
439
525
390
462
361
537
503
402
494
430
340
534
713
580
449
448
375
524
562
461
539
588
406
694
634
422
652
388
402
490
480
738
737
412
498
346
499
314
722
600
533
641
553
401
353
276
548
405
518
603
517
474
479
432
365
456
426
682
547
331
514
508
684
544
559
526
528
682
330
399
675
511
533
457
513
463
407
316
337
426
508
516
489
508
591
591
575
484
412
561
629
442
476
628
597
450
388
542
387
696
434
324
594
594
431
373
392
510
599
319
558
533
435
413
643
518
490
493
487
496
227
559
520
648
562
508
535
492
566
478
574
345
566
411
639
479
515
461
497
439
447
344
513
558
580
498
266
358
488
539
584
413
501
495
657
657
495
639
372
403
431
498
716
577
688
224
720
452
383
259
421
564
463
680
514
181
656
542
502
524
303
542
582
433
448
571
323
377
529
523
382
644
453
443
450
493
490
789
660
560
544
476
492
324
385
242
670
609
426
560
632
516
481
578
594
468
541
465
544
534
572
563
479
323
465
350
510
804
679
534
357
411
519
525
583
526
435
424
646
356
529
543
509
522
401
565
708
409
412
483
439
573
461
447
545
622
541
288
476
661
608
604
665
494
399
470
406
403
473
555
529
748
461
245
402
494
588
551
509
550
479
350
610
329
498
326
455
400
612
616
516
368
486
635
407
660
507
531
710
659
613
800
429
364
447
498
459
630
457
532
579
351
526
451
512
596
391
624
553
314
591
348
654
407
382
562
660
577
454
469
533
648
550
541
551
434
632
573
553
561
489
407
415
391
435
419
504
431
531
415
359
489
450
448
378
382
620
376
561
317
503
509
635
387
438
443
662
526
506
485
460
455
589
453
539
516
579
362
493
686
566
482
336
368
389
241
551
588
621
427
472
416
530
507
687
566
349
429
543
467
430
535
441
567
452
575
527
492
424
508
459
632
558
407
431
651
434
529
588
510
500
404
580
272
703
429
425
615
581
302
550
474
400
548
388
305
638
633
548
316
635
622
512
608
755
437
572
490
561
705
531
541
500
435
487
543
535
441
414
365
450
560
407
456
555
529
464
317
581
470
666
585
408
363
528
661
461
519
400
402
677
562
366
388
341
526
464
503
667
492
323
435
489
684
658
505
386
410
390
434
438
482
403
458
424
447
640
487
361
564
739
548
506
569
465
408
562
597
457
610
293
596
592
635
354
532
385
445
514
476
399
523
623
594
237
466
495
573
461
640
580
493
349
406
548
595
465
489
330
392
534
555
563
199
637
488
405
442
542
577
581
443
509
468
507
365
501
423
654
506
449
401
524
440
480
496
552
301
420
393
453
565
703
548
352
632
596
435
350
490
443
401
448
449
577
547
501
310
291
692
222
623
520
299
506
551
644
513
487
539
505
472
354
426
529
434
370
501
674
361
558
549
648
546
452
254
467
533
408
431
378
399
389
635
459
598
535
524
361
528
407
351
483
546
567
532
356
409
492
390
672
425
445
632
445
547
542
454
484
586
588
365
542
351
256
606
420
558
443
529
494
607
386
546
287
427
491
576
592
482
470
481
528
479
373
650
471
554
586
343
707
482
465
576
512
567
257
541
535
410
557
520
440
513
561
630
563
552
532
624
492
623
625
424
470
530
491
513
638
550
559
400
447
504
482
249
237
355
530
420
484
448
514
536
504
568
422
630
440
518
553
442
513
548
590
638
429
764
380
304
591
552
560
280
530
550
617
522
387
405
410
461
609
434
438
545
593
551
490
457
472
384
655
492
380
408
507
532
642
535
424
484
409
589
462
605
450
338
582
151
528
326
510
679
505
513
411
416
490
624
459
604
593
545
673
508
610
657
409
511
525
423
522
378
557
488
550
564
319
383
480
439
528
279
640
408
377
524
451
471
501
592
530
505
495
452
426
633
413
542
441
645
655
534
403
561
243
460
476
522
452
461
585
442
580
420
466
352
474
524
550
546
562
459
477
342
406
465
583
662
374
529
507
594
469
326
567
621
498
362
366
543
540
443
582
354
446
513
407
420
642
501
423
410
297
404
491
615
537
657
474
325
416
506
489
546
528
492
467
619
592
502
504
656
584
470
567
519
539
593
472
552
465
617
479
642
472
639
516
560
384
543
628
459
537
396
641
396
315
382
459
555
672
448
247
540
449
496
593
483
533
591
468
603
601
486
516
491
786
556
320
565
562
455
365
532
513
527
555
642
492
635
626
542
675
303
605
559
435
666
448
399
386
413
524
439
496
407
600
605
345
438
528
500
524
289
621
431
440
574
590
494
459
331
356
478
419
472
571
501
599
427
556
557
593
417
556
546
471
399
479
530
405
426
642
400
461
547
519
683
534
496
391
483
475
462
539
643
537
453
552
606
529
543
617
446
598
634
424
467
516
669
419
515
350
361
506
520
420
548
312
538
496
532
523
436
518
483
552
654
410
586
549
406
524
538
641
531
723
633
524
465
572
308
551
436
568
473
529
574
504
360
430
506
605
383
587
476
623
505
355
530
655
574
579
444
376
394
414
508
568
470
469
462
321
450
671
587
574
490
375
435
469
597
404
423
526
426
406
475
597
359
482
514
454
541
423
486
561
403
418
647
451
572
503
449
423
434
512
510
585
450
492
394
534
416
687
580
409
434
436
384
606
650
686
550
524
362
453
514
272
511
589
238
534
465
459
664
592
323
492
437
549
465
479
649
623
520
452
561
477
588
538
424
558
459
476
445
695
441
483
541
649
417
608
480
598
508
333
432
418
693
506
401
479
720
395
484
614
660
341
525
438
387
592
533
519
718
558
418
620
619
554
577
419
498
669
439
495
679
607
528
635
597
490
532
479
372
353
613
545
450
432
378
462
637
619
409
443
277
452
642
471
541
496
509
564
391
413
509
551
350
483
481
560
589
415
374
281
689
555
537
591
542
530
545
403
522
412
379
488
651
706
657
340
635
529
601
568
594
584
546
349
424
518
495
498
504
501
339
623
521
449
740
329
681
478
432
555
548
463
322
602
332
474
544
587
283
589
653
609
423
601
471
566
412
502
533
551
626
493
698
497
564
463
461
586
341
453
549
318
508
503
570
727
488
344
510
566
357
396
569
369
637
580
342
554
452
363
528
489
309
456
652
463
462
467
455
538
459
404
455
324
591
514
590
405
485
438
530
502
416
357
526
573
450
643
465
520
529
530
477
430
403
535
471
313
531
581
280
585
352
464
592
442
499
592
584
578
610
527
635
377
343
487
379
528
370
508
447
590
701
638
313
313
652
580
750
704
386
406
478
431
368
283
528
608
490
640
404
631
722
543
429
472
497
525
636
483
382
562
494
602
532
585
690
275
463
538
379
523
471
553
554
300
272
459
582
516
564
457
422
464
622
611
452
509
505
520
444
530
769
547
566
492
499
452
387
421
386
574
497
525
618
443
415
465
619
452
305
474
490
292
545
524
594
471
505
624
406
627
530
312
500
551
424
534
528
407
417
589
488
703
429
482
398
529
572
663
433
400
559
542
412
411
584
475
560
568
458
591
616
420
750
513
421
477
543
402
417
512
528
583
399
451
408
511
547
475
403
475
419
363
430
543
545
361
632
356
540
652
414
555
628
550
285
542
494
412
403
550
503
388
516
587
670
538
558
457
377
600
521
626
438
393
392
617
619
520
385
354
532
573
607
398
596
620
643
569
591
480
485
489
283
456
452
511
488
556
548
589
274
534
535
401
561
684
797
564
466
487
590
662
412
417
347
466
448
556
422
581
626
452
363
348
627
614
519
460
436
355
381
594
648
289
566
535
479
508
335
394
504
508
594
389
457
504
367
436
463
481
429
416
624
448
469
531
728
446
339
561
445
432
528
448
481
345
587
505
714
545
375
468
560
482
626
500
605
386
401
426
442
387
432
599
322
422
233
506
614
588
500
556
482
545
553
473
685
478
500
393
435
602
531
637
383
577
627
500
605
444
600
634
457
536
498
281
689
451
510
445
379
534
473
517
622
421
529
502
532
493
719
531
443
537
637
611
388
657
476
676
395
402
499
625
489
384
490
700
555
464
454
541
572
426
676
393
494
465
646
321
442
586
458
341
381
593
619
478
576
380
357
372
450
461
439
568
499
510
342
446
354
507
615
480
491
561
487
466
391
598
458
567
483
624
571
542
248
364
401
656
393
534
560
630
344
449
581
243
530
435
502
405
441
589
569
467
422
324
566
420
480
495
502
492
466
629
403
357
411
485
527
481
522
503
515
395
486
447
544
442
388
463
554
461
732
535
558
366
478
372
371
390
468
317
455
669
674
503
448
590
534
547
480
394
628
389
424
586
645
395
322
405
456
528
540
342
443
612
505
383
535
596
491
497
461
617
486
304
298
500
430
576
556
494
485
437
541
545
436
519
621
540
510
584
450
525
490
498
458
605
288
480
643
614
639
554
402
502
579
596
648
488
497
356
589
478
510
442
538
463
657
564
491
642
601
436
607
334
395
395
485
318
441
443
803
732
605
466
440
486
665
511
614
417
701
697
462
651
613
450
589
375
440
523
509
489
521
608
380
593
633
355
741
516
446
615
462
432
339
597
425
585
678
471
403
465
581
486
567
404
582
687
499
482
461
509
552
353
632
628
729
519
436
501
423
368
614
429
638
454
510
438
543
419
571
608
700
482
358
393
520
292
535
443
463
606
427
411
334
469
422
481
504
606
401
574
430
334
543
668
593
446
534
447
501
418
408
438
555
451
516
433
599
545
339
465
691
544
321
298
524
492
568
508
518
527
498
385
381
547
656
649
456
490
493
408
548
422
664
592
536
428
630
500
479
600
590
335
527
361
458
620
537
494
549
492
550
483
492
538
559
601
572
502
569
753
333
456
427
402
390
489
516
395
430
481
421
507
285
713
462
479
579
601
471
532
465
540
508
636
593
471
568
542
362
434
555
380
451
355
551
425
582
499
544
756
444
480
455
358
443
521
636
520
481
643
443
541
452
326
644
612
550
410
690
373
390
480
643
372
374
605
490
551
355
680
562
532
618
565
564
373
427
600
510
515
562
334
523
358
491
406
462
526
594
517
330
585
476
477
371
442
367
570
522
443
443
425
378
467
348
349
513
589
644
415
579
638
584
453
756
616
475
577
662
571
518
301
227
523
592
375
595
417
792
541
440
539
450
618
582
513
540
495
432
507
488
517
531
553
469
298
642
565
416
383
489
457
486
433
437
329
657
462
431
563
528
504
527
486
510
670
564
584
581
643
525
404
476
587
625
514
470
497
451
450
455
754
503
362
334
668
531
500
417
669
560
587
326
560
685
611
629
550
676
414
547
516
577
447
320
428
474
461
561
466
546
652
446
554
362
558
459
294
452
807
432
602
303
480
621
433
543
498
602
408
541
406
391
578
533
613
436
672
568
520
698
567
600
434
328
550
634
607
526
388
688
625
490
525
426
370
601
582
428
297
233
637
430
364
497
484
512
479
508
365
559
727
559
466
621
424
583
479
550
471
313
437
561
577
455
577
414
456
436
601
427
556
474
444
612
280
480
640
416
492
451
449
380
378
480
580
468
520
581
477
353
535
377
649
561
369
644
486
390
556
584
333
446
481
500
337
624
558
400
437
583
317
550
359
658
507
422
387
479
614
479
589
619
686
487
548
613
472
533
478
657
452
550
602
478
279
607
552
558
595
416
393
501
458
495
357
448
639
536
676
460
823
505
383
560
466
539
375
556
490
525
536
559
484
564
534
687
735
629
463
508
517
482
377
558
427
461
504
439
445
671
485
572
561
413
352
405
424
702
605
573
534
664
478
503
407
722
584
686
534
459
485
576
557
455
483
522
493
479
468
450
671
338
609
686
659
297
553
512
459
568
364
465
549
424
598
577
553
504
419
545
476
345
612
433
668
523
598
408
258
530
429
437
457
595
539
418
572
521
547
617
579
754
350
536
251
748
554
684
358
500
542
413
472
512
474
419
490
557
589
487
469
567
538
614
555
475
377
385
522
467
558
510
577
395
505
604
321
428
457
629
699
478
587
588
562
415
479
556
604
477
511
369
449
585
275
722
426
333
428
593
549
598
544
561
507
474
420
398
310
439
575
824
706
478
469
520
596
381
452
507
419
399
334
489
331
570
547
477
333
544
507
347
629
278
511
441
484
776
488
403
422
478
561
580
389
523
714
553
449
437
361
443
540
386
625
570
572
734
508
539
444
428
523
572
390
218
289
564
362
502
567
546
512
562
430
636
556
541
604
466
612
514
429
394
504
545
447
409
611
425
293
599
636
389
619
618
444
594
565
484
565
598
388
583
315
477
391
458
541
503
472
422
452
507
577
504
591
507
469
511
358
548
425
458
629
529
574
433
390
541
467
590
516
521
610
681
428
448
515
525
630
526
480
515
428
492
470
635
318
516
407
608
514
424
401
474
534
475
569
361
585
522
466
487
500
406
474
455
504
517
375
446
491
496
578
394
498
327
490
580
460
574
530
551
516
436
682
566
441
436
558
348
523
400
551
376
534
434
569
519
562
321
502
586
578
428
518
227
554
558
528
442
420
535
667
555
637
344
532
412
545
323
442
563
481
494
604
444
740
459
442
302
672
449
615
525
411
622
319
355
574
386
556
586
663
593
530
429
469
552
485
373
651
644
632
410
602
605
511
330
630
713
527
444
320
592
505
438
735
360
462
430
583
526
562
463
603
657
491
494
478
514
435
716
640
492
582
485
501
522
486
383
505
403
456
503
558
434
672
353
460
529
659
465
467
396
416
364
509
590
441
614
549
592
349
520
360
645
690
413
622
479
530
537
590
446
491
534
529
288
470
593
491
459
438
405
542
351
487
625
520
508
638
608
515
628
535
598
418
572
344
490
354
619
522
630
501
409
495
516
617
274
408
547
550
428
456
347
683
643
581
358
519
559
568
431
514
506
530
504
555
503
645
494
452
477
372
627
536
676
420
468
448
337
561
586
448
485
549
569
409
445
500
459
555
418
442
566
479
683
394
542
489
420
495
392
482
538
460
405
505
397
522
564
621
570
307
606
586
475
325
583
553
514
443
437
339
434
571
420
720
502
563
497
298
424
423
573
455
611
499
699
547
449
429
549
589
719
515
554
547
465
558
726
399
474
494
466
371
332
380
555
675
342
575
680
514
475
602
426
512
603
502
565
604
409
508
526
496
372
495
461
581
303
587
493
449
525
476
436
684
532
551
388
557
489
426
497
493
313
618
547
417
442
529
519
350
664
389
612
471
422
509
465
502
655
564
520
536
528
517
320
521
479
491
605
534
680
419
556
531
382
504
542
593
609
717
324
501
540
445
489
499
550
344
533
330
415
344
254
432
393
502
453
476
655
477
456
554
503
624
553
456
539
451
446
395
533
633
626
483
522
506
648
342
360
466
394
627
577
522
434
437
476
493
557
514
509
405
575
292
560
685
566
270
447
426
585
510
401
619
568
482
384
410
479
640
489
464
524
492
345
450
560
566
709
428
393
382
484
653
488
604
540
561
414
616
427
546
352
499
471
501
622
417
540
563
594
553
443
622
496
560
543
484
471
326
532
415
643
595
543
569
524
472
349
675
447
374
538
472
406
335
731
426
479
355
471
429
361
370
524
558
621
488
748
577
766
450
530
453
549
384
535
624
473
451
493
501
594
561
494
562
450
458
609
548
495
598
354
434
537
432
540
319
676
657
549
472
518
486
671
561
337
624
406
409
517
661
494
428
591
573
663
419
555
655
436
428
569
484
694
666
254
552
551
416
527
607
565
347
608
506
517
549
641
461
550
416
200
444
364
497
327
611
346
555
475
470
399
663
668
586
547
566
470
341
621
458
854
482
447
555
398
443
496
253
631
522
399
404
543
408
436
445
457
397
588
413
515
453
424
487
646
471
637
595
524
626
303
583
362
699
720
623
479
494
523
343
483
454
703
584
312
511
298
584
562
545
429
514
530
357
568
527
470
448
435
443
419
495
580
416
364
564
484
431
468
519
511
340
553
574
371
548
387
438
500
482
356
434
508
345
350
547
472
549
347
545
449
487
510
511
721
392
521
600
496
452
509
587
480
341
546
495
395
534
622
485
389
498
563
669
508
472
451
499
502
524
667
643
719
604
432
595
541
563
662
432
527
608
537
253
353
419
513
574
462
426
240
437
548
519
301
515
655
324
467
450
500
400
296
346
579
322
487
427
355
543
620
565
515
538
453
546
473
495
607
489
557
681
535
430
447
461
308
459
476
432
417
552
479
601
325
482
612
488
464
507
541
444
477
502
646
413
583
648
506
530
324
569
407
536
549
504
516
351
598
557
396
431
556
514
482
364
478
547
520
558
424
570
526
552
514
684
221
850
560
556
556
653
609
376
653
417
707
448
443
342
452
526
419
501
495
619
478
556
666
406
387
401
464
575
635
626
499
485
608
499
595
456
721
563
492
449
584
353
520
398
528
460
522
460
506
324
558
442
472
467
641
488
598
607
468
337
631
439
504
423
570
450
434
410
500
514
484
653
559
506
591
558
534
574
339
421
551
581
198
473
617
438
563
512
270
548
493
498
479
498
489
578
462
436
483
457
601
426
474
413
563
439
561
361
533
478
485
557
499
449
488
536
415
378
384
446
579
406
645
506
579
516
580
384
628
746
